839427782897260
146738622578322
1419099838185924
116247382396886
360308187734147
2064794323750849
1472287299514469
932791406860187
469447586721018
1424973144205432
1585787328160451
1928465124090769
484793388556848
115600032439186
1750889524972940
1196125967160436
1606928726004288
1420837471308271
118909255509593
113137852732880
758479191007021
489239448095649
1702628466703342
116672368994338
1912207899051979
850491451769932
490184324653330
1452468678204390
1168730829939703
1889406957985490
1368807213200649
128965984369272
1601463126562619
1818775715099319
1641044205948033
648492942021459
144764706080899
1491688450862380
1699665023674805
128065954454800
1973645422868520
1183203165158783
1097771130366715
323035374819779
1906151046328426
446317809093812
631385893736518
1568481286550745
294100184350086
669937103207809
1744594752499606
1814328408884924
131903097368700
1312066008874965
837185589767580
1663442293964599
1240611256057801
379269139133833
774876079350417
120263651880779
1524006520943958
296870390740696
301903946918420
405723423136843
2277019475857422
1398917290168934
129998790881736
1644357142535835
297058177401931
1189667441159120
285767691880093
822727547875950
1833864840197909
142310782967164
1288393947909129
1268776563212920
1743253832631531
1698880450404373
199839777182047
416547658701691
398524773837312
1481093598599511
268473926926645
146102319223056
415704415431313
1618873084806947
1727191190904436
304436773304591
241907899592241
426365357699125
1338807759533533
1761031320879529
257844984662902
419389718452925
154226771760209
1289636197792283
1605419932805910
407554932922995
147369059095036
1233075440115930
349994388733268
390667017959831
362506560784377
1202297703219133
420362044962148
1756285811355445
1725480494432215
713541015492915
1104715906304047
1278445658914558
235505333527390
1380818408636925
537184459823540
980714535393752
1194948907253638
1811420905812266
1115088795278962
358996857804314
1281193335278486
1785905404996731
1920310094863880
1216008308437938
297934893914925
1807250026180927
1165982840116138
1900119950216154
492970114242018
1051738078256913
1200516720009361
1773918846202341
1813143738933043
587863954735365
317032078681473
1707603326229481
704933999671597
352623658462914
975251675927038
362593474078748
130267577442497
1593501180955753
263851997345995
269272030140062
694514660699021
1905451576345467
1323060874405176
622869347874462
1793307450926564
1790873874459632
1105335579554941
1280757815291568
1275026725843016
1666375300359621
556921637847141
1665862817074957
1194708620597097
1450939038255636
1236287069756637
1820480104854702
1027934350637587
1153187984753374
679170032235078
1812268849030544
954544627988393
124944937964105
554517411406575
1207262422630564
162609707519450
498729253666103
626186867542108
156797854766902
1081923845247902
1614734265492641
234287233639811
1589957317967310
1586261971669286
1106681582700552
313140965705635
1759575014317769
1660669080915250
313787728973466
1125630417495637
1556143594693138
167815650317128
1815666458657116
290192051343514
628648933960124
219810771748491
451710145017733
1742108906037280
694587380682261
125246454577928
257421711297167
1054177327994493
1029275827141947
510028845859385
1627474507566886
1739754172954668
1740960092808834
134707260293811
1750409905240851
130542511016094
1937963456527514
112474692781576
126346594682059
1932387587084784
1546552465402673
113855355991823
144892582775728
1957474921167677
132513904036272
482793438751794
116528862300745
492444154438610
296272354172442
126429574645834
1633588683320685
226938717835097
110970612919594
279921535822460
350900052011573
1394923850563142
2122705407979024
235858496912709
120505441914057
1942134722738893
680369665493410
463908220640419
494746507528355
283316978808638
1467787136616545
122195098393999
834827896681295
1619821748041725
112167909424599
308593609552710
1810349119279999
1436291863120543
1809638999053421
1926609910942844
100907000544324
1865014120413867
239987993160267
106022733351505
1947936218823341
474790946195872
1730882023877631
1945429449023233
286704111740350
136522616898489
304394243315764
372283593168478
465015967185763
888264164638608
1493663924038890
1514617698548583
160694481130821
718304631686079
741544542713641
1057241704408526
1749951118629020
270252260101612
839494659559880
1875787212676528
201607310337764
1357632687628759
422358738123815
116069842279309
1522223071134940
431605403841502
245794979225726
206222689868984
1317076625050273
1373869599302140
1180235342086279
1884446178477177
1299234076832895
268677370219341
1943297692568201
732573570237555
436875439994638
1380343345392258
183817322120663
182224205611346
264019624039080
184958188661248
1417047141660334
404426506571184
105830259937955
105748889945441
1782089798784493
225045884624294
1335871086434121
610058069195613
256325578131379
243362422781537
1077854298990991
1206765576067327
573957009468084
118514851988143
246352059132915
1303329123063516
1638362119801504
723928154436194
249991332101557
1802426306643890
616399258558456
361217814245736
1423429864335903
334234473603353
356173641419481
431849163871855
102951766868784
182576878874021
1173291589425732
222239214881015
986747868097897
1122260144555550
1727573450897537
220463821713448
1211049925626977
982619511844303
560757760789910
672450429584284
1811106449170335
1104833139612207
1485272134825535
563518180505151
1678018775844495
200816003660961
340756262952555
968469163299775
261367474259051
709120925906351
1158008290962540
672444746245221
154494298340767
562928487242053
1667191780257790
181638925595742
656216991212891
200482377040774
936499819810549
658069231007276
1875656199328918
647620805419782
132780927176464
1750690561864332
150272262048047
1425467961034769
237491346455757
1477320829149838
166352453942636
353477961732808
1557756757600869
125231341441969
818357258339388
122052648442467
2109815145912381
128388211108899
734417200077940
1907203092871053
603376706510561
393145784398194
178132152632754
1787891621450965
1748162798769679
1770392893203826
1771283449752714
1790502801232417
1797452237167322
300787586957197
291707724538185
1059905684123214
1630912730572921
669262133226385
308914962795801
557093191143553
293855847648208
1524740137552055
1030443513743365
164793103924530
536561293218556
1070027986379371
574322152735591
257629847923554
653816378104240
221985118175981
992021994213662
1731474407132138
1550582188572277
1682834298634066
1323345941072262
310686862700709
335754950213773
1986584338239887
365581477212895
703487066511930
753018378233995
1421632504558542
1549835928408517
300526543741649
163202454230309
576570166066344
360208971079434
1489561524423616
432882890421364
890276171125452
1986872478214740
1107887359311689
163136850897882
1765397813476026
751293771709159
245003259324807
2113272868899314
262159820929580
257499284734587
1845810869016247
129435710966653
320966091655767
1397652460323158
264893733978100
128623151038038
160529334479541
1209286885856854
202530216928128
115784292314757
220922705059471
799427710211063
293835261037697
1880827262191097
700913626737406
385991708454062
627850697339447
280904532346977
1841923369356718
108083386389305
1845438895742171
713806335463514
1278512618903873
186636548482552
1173590016090471
1309901535751676
116855499027013
1636238366410567
1168579179908304
1313694008741263
1933591423563741
940664799407651
1662165287127177
1471260106292374
305705993226395
1402867279825743
1826378054345679
115119219146462
726513597553373
492421191096323
842674209233104
638407049686010
1913806248834129
175491956324315
655702987959725
113615552623223
1928158717429752
109926896319280
302997180161102
1364350743657313
1804661376512854
132460353999340
245560679282673
1811016608914463
1738690839757698
198293150697586
275302289610160
1450584011666933
652333848303416
658625954330547
1436017156491200
1339372509513089
304930286630099
461718160840355
2019870331632938
132871967264196
305060936614571
608060546058925
705329946335229
410621239337046
106976726503385
1483611781680525
1362422740519288
638980746297377
130223977524533
435341390149975
239359079803475
128449831032606
324451824641522
844442089081827
2029506840609822
1259431077517667
1624480184246446
130650064230085
327832107622227
1792811930964381
666892840126570
672528396220468
1287664491259123
1228982293785166
1660295994218021
1065018930183496
1185023361514181
725349317587384
1429147210743739
456908387802554
168583160377981
471348586565387
511047352621046
116386615743591
1667370363337689
274957192991999
121829738471178
118036335592907
116652882320805
872024626285683
172542466638154
175540492988780
346212732485931
490055864681593
161189074443883
2018685181696481
161072007790472
159222757986549
1539917982713650
473948919648942
1287360681387341
455814964817476
126622704624134
160960687805468
119457568706983
123669274933408
109835983060035
1258617150915212
146804895900622
1505808256152126
936226006524590
326948831086431
1414221055336144
386980665032173
1097544700377614
1898106100427692
1183290331817135
1969921963241404
966175576857491
850597951770508
455746191485007
168572627019649
155202848378837
816453075170629
221015485089302
1582116671821540
324259598018678
1986903644875566
1919134214969128
255196161647680
114709349160328
1940778102869959
150995318783015
1895847784036460
1704258206537428
446747155682983
1619343204776579
128926024366016
1704887816481328
281410282327304
109570086340525
1464527536941386
807475349405179
318332161943781
749646661881714
1471599606193897
816575345163618
1499514426735538
120367195220686
1888820821391121
698311720360466
209404886247659
1778482612178612
1930261287211257
1930242683931378
108207283072339
1680891408884783
212734495913341
289116418215457
2002332969989423
906372646168993
1718340548466318
1324521630988031
1864322547224815
1891839177749487
1164813943630542
150448702161196
229289457555624
235938076892892
792567554223573
992567514213084
215083972326426
1478312378866667
175873026270930
285784845199819
216217698876734
301414736938898
289786384806622
1252489254870874
1955421988027568
150391908828953
128056631073380
151218542070135
112096489347328
1273525109363231
100358207194877
166934667163178
1853638101559340
287694824992313
609799942558057
2077360085614824
1812738649049969
985709468226552
1637603489881682
202417173582305
1856009207974942
848624468618138
1345499208845034
195445970944733
804439113054154
790936107725794
260983271025735
1783947311619309
1841460379460979
170858946760943
683994921804679
263273174130701
394135747628354
592898670906797
797694940405215
279273579144715
266412550469417
316810608721523
263683057415290
164384100739067
184673398697009
1430859806987422
752455518237247
1102705469876087
1538952539468205
1885985651670132
1506116822762526
428353464175745
761743300658295
1725651854362014
169410023556120
1841244009456152
423099741365639
1242381085850028
554481888088492
1752872625041379
262965257471679
1708352246122715
257404584694503
1900029430243280
817788005026881
1227657667322214
1405152179503089
1215349021833756
235770720203651
1820660174867089
365453287146448
1624004091242318
570748999787232
633148083559558
246591552450737
1632327943729803
1325130707566329
243963586043062
1769119170074551
978325218977975
1288110587902022
1307496982642277
243119136122723
1343079579077250
1847758538829187
1731163310534742
1859516664267563
782585965225785
1248989788505175
1684941141797521
220938405015307
1259433567448759
1171845536238308
125029214656016
142967142856092
343097292721578
1314189468613359
406941409646752
933606046739730
1806007466278426
601826263344422
1107271526062473
372364133112760
100434457118836
1792424767684824
1259668024076035
1687538914909131
1048526491942395
701953233292928
1931304143858575
334076950387854
1740097679624660
150812072172062
659172324282115
1539426919436168
1488900661186645
150849862165395
332067173871252
112129222827270
820250241470195
1803503946333919
1097262953737103
107626656582535
105903586735618
1868588476801857
704682336388334
1962871433994513
132458290685568
1857542241161820
1348967515201686
246931812466038
1744084808954232
1939127873008824
1680258805615563
159007518014883
150880458778462
1842235762655534
525595210944501
1831778290474180
1658188514485494
1309073322482924
1301799116557377
323286911403740
133037550652755
1931856837030064
477898229252111
131520570813705
1770032363294355
1094215584042791
153231331900539
271780746661717
1926726784267536
466193750429389
274619573021887
1989802914588144
705231506342660
2181515558741933
107068889960595
1879784192259771
1417461675015028
1419816298077331
133241137227280
658671824332337
810215529147422
378976889163390
1905073369704958
247086245755200
578071402402876
1742053632773290
1897153310564545
340026319725538
985816421561938
354801451545239
842862015857793
1884099098476471
1654018934888817
1225493214155980
562210377310514
572705292917216
1066720706697528
192326181178957
1801140286834877
1177445885646548
1606545666304833
2081910655366492
304040569938958
205499499852067
1744657089110418
270168550006201
990270384413098
1057741930927874
600511376781586
515756191950768
1056541524420211
1707849002821539
718030681634065
1615920455400907
1698490663744597
1737916226426752
879448962164740
1146350765397626
649515315186413
488856961323587
1531499140480014
1575751439408204
1693350987621323
1521521678150175
1698271783780663
957153291005349
1196163443745265
1498452030451292
198814583792248
1652257611697374
1265534943472707
129759614050690
1694907434077003
869364669847626
1642748139331109
1202066889809412
985101714844915
515200305298498
426812834190311
1601695590118666
911944722177422
1583361208595843
1667121283507110
1603361716598716
1602827316662751
1635908479960918
923021154444248
1422712264714051
850580858350770
1567116026910594
609672412503467
668530809940755
1632637896971275
353069564897473
1798969093660815
1010717032290403
435292279971569
1627841224116987
1593452710887369
1493409327607332
1490196857936091
1482530595359232
826649417369304
555528134576700
338976346260628
288880774631216
264228423772580
318163755027333
314756415315714
444270085709371
1494072230812908
1560883984136805
653601484699264
453757311417063
191415711053409
223834967785033
590187884358555
484165741670536
626227377388413
521304394585918
185736711576052
367838119980851
308618752582610
860128487484571
310565112738035
504036679939068
129934647644798
743571455827737
104179836981978
1388588684544267
465490390475608
113524659293479
1785601055085803
1929981403906431
241439226344580
1583226158378759
1460267740702479
284842148644063
645202945684454
1466410566748391
1905324553047528
321502928268862
1936415166589167
956237191185114
110541832796761
1700056203625450
288334114927980
987818781318077
293808787701388
779921335491479
165454143950533
261307234323975
1264449156941933
1185044994950557
204768553338338
1944633785764865
1848363292073539
598483130356241
218455295226228
169287560232842
627655174101076
222429074829704
1901796590054038
156829634818511
812045525603344
1239649979404941
325839411149977
240533846377088
1391573834209640
1861369880816437
1860987297478271
601921066663016
610767919103113
341459156212155
186854715055541
165872823855311
183762398712869
635609913267910
1101725136572997
961179864003911
1090289827723060
1166004133460753
172420466512753
167856273621882
1735973890002014
1638225536491019
1108992089138847
1776204659330443
263935843963310
291732564550039
1187354481309732
1720864651485985
148250228918066
200341233698633
1067447946663308
1608031976180986
280981825569562
861131077346432
194979360885685
450539928475847
1711131182476566
1199057650119210
111226122613241
734438393360263
1084974241565327
450605348482147
1048045318599991
1742147036008801
117319021981316
731767146954885
338589622931826
1386099254844530
504295803237289
1740097679624660
1037555916381787
468576780164581
168340237047786
110194356340061
330371260742472
691419941061633
371310733286461
105553803447367
1838765206437660
1573720582680581
1460461577309657
587861594737104
710830842410668
1898169640438735
180243085510394
1414689245409478
1117728638371420
1905013936434955
458831781130859
326112434473184
1403743052997103
229519147530087
1370254929733940
1864312487170673
487587834905829
1281630858619120
2257390594486285
1828312020766419
346914582369921
597610130448215
739763492859532
243527512723522
113587885835166
275672519525741
264389497323676
1354272287971386
1024125224360575
1378554548861969
250388098735924
1216855275077295
451211665268539
368053403567174
657140384457865
1182394228540625
1740621879600819
1531102126918553
1229245030486058
269802366770342
1155477667854735
642260155957408
227926477610845
1832743266994293
366021347110236
1668955853401867
1754432771549736
133772357121107
351765811841354
1074540905990744
598370437022792
1317912788270669
548453368695811
1087594601338636
117147432112893
690970857737756
1821770718038996
974502652653744
187528455043814
1722101718106424
941660215968440
413392835717955
1836833776595182
230627187358795
332332433818422
327377190981519
1807407856173839
1714987162151238
577512735773465
692196930936512
1183365888414802
1850256608594954
1244935985564488
958223674284423
367519393584849
1678505272460237
1780507215556974
221937768219918
823488754455180
1819480018310309
546531935547461
1852011545078378
210632616015321
1233118940084218
681118602036645
1113823032028749
696183067208679
969928696450549
162026840915353
1790103271269913
375271376194692
1670314596618149
565084267011156
579353715570722
577830785758161
1031772260269151
272532146466401
874610926006772
546781342196279
1746950618890907
1804113176541749
963329917145859
605566272938222
1780464102239426
1106867429383339
654871564681257
1638319973148737
1044278038954624
705401709597922
1265478436795740
168254140251404
992614557504290
313595035651699
1137144423027921
639347386222935
1656066898053726
294277717592192
1224269294259543
1008920492518539
1743977259181474
266217023757272
1704811449784982
521344048057222
1646808635629867
125946731169362
1779244785640516
858468200952386
157121464702014
351488368620356
2032562106973632
1559216107450502
272190229965743
1935113653476024
500122433674092
151242038794274
339126423177126
801253323389083
549889478735528
113077696040128
328342090961264
471309429934402
165891667307230
116991415698916
1415406048586933
281878245624929
348139918954460
146016055987869
827220937442190
662485983949679
826531780848007
109707623054831
859110150911381
306872349779472
1513012568741868
1438372729582321
257769341387746
1649704668394768
1712963889009151
107867506584173
1450851088330665
1904496086543245
789167841251426
121291031826990
248245009021534
104986116863406
1306315646132493
1644590495573444
1964653673809497
109366799723812
331918093914267
247052572468303
198453050688620
109519716374013
446646545715139
487762538229270
1687475171561823
1589930594374574
1298384910279663
1421506541276390
819381654887778
267804553702130
939772399496585
109263536374451
245094722661100
247563442406172
1909009236003729
439904036394980
148990778994517
842969589191183
1736387333038393
1796234687070436
1989302934649511
1704474126248226
314978702292869
638029336394765
268090043669826
1692864197689604
308942636231533
485584271812672
438249326570884
1724029531237129
1527264064019468
1453365011412675
116267569072319
2008762702688877
1659568570728655
1258361907625012
1367622346690785
820016191498823
272316433271036
1922946414646454
122322551758022
496424754058033
260601714458883
377947902623833
344701802625824
986655524770814
433067337063262
1845172849071080
706014029571105
1915147198765252
1289617431122290
1786607008257488
1834691900145091
274140769634464
1552483928384928
413506632192923
1598344183761251
809965842421546
1000438563316887
314270875395631
1456452207936889
1420284548260485
1534019463327122
1625238984414637
2420064944799089
633121570219205
466265473750666
1603630796374163
1525423100832876
445906565749794
195572730865976
214137925781475
113980969298075
116578369024636
410421569360300
310410696096694
1949867558616627
1492474027507660
326480737787581
1548566055257027
1910672202516756
1983296961946843
109760596372300
750003911838269
165097487392851
129885920948520
750800568425851
250232418801823
842574479230935
109745436349621
398635677181373
1425496424141439
1907423209489254
207439789661178
226803854437560
1827934327496031
1251131298300073
1831386767132294
1166222766793749
363862513949780
1117196261663062
1151036954974890
208100729598372
1707922839526616
1203099719746935
1023091571146112
626096780926434
797741576995778
192597734508178
1104564382953661
974773285964615
1844904739062511
836858293081340
1255249691152576
1108342325898603
103018280149867
1188591077850326
1072263919530236
1740112346250986
1416534478363418
1621743701469267
533788786823315
147273735681417
254516558237670
1711286092474914
239508376426824
1940185079531349
805614296283681
783142651862463
292797257834247
1901855646762030
192804654564347
1657278364289542
276401886192680
1822367411332140
352381218485069
1937545766508203
308415159625545
1466580196766453
123908728211488
455094614858118
446362812373295
1747321792173633
158431801351291
405764873143143
1855264694722472
1860078814238803
1888808684697402
1848381945383710
261867710910163
1922961631267813
1360989810587436
1132297753527633
264307337298455
313225309037977
1140041989423628
840435859427325
271249759918641
1755861667961841
853037318158978
147758125818493
1918448335077899
476979705984415
1419870224760257
290099404787867
1906017046354670
1929308203947384
603725473157275
240155243123054
1234574289954158
1639937906302217
699064636933466
735341323280375
338783569804933
1858485271049806
355494824795951
196690250761682
1282232638478006
1856753411219131
151511911938163
1728132340762746
746859718746795
1709837689271944
236984366650137
1139838559390116
1676482439307594
1090875010953913
878752032222612
483155398538032
587602654720500
1158117037533765
592340617590494
1557753751208933
1765558203673026
782152048558044
1698268667125593
156700704700803
446642978860151
586627771485589
1637563163172872
540997772725671
795671320555644
412927212251297
1527016527618611
480577325456196
1483826815253087
1074095635942662
1609050552698308
1617152975218472
558188164339154
1587339791538723
1503536379956825
697387220405771
1641193086126651
456836391140371
117044781970979
1698952180325968
1737212216505883
947139342016966
1601246513483318
616059118430571
1389485921170026
326312121113200
157370198146766
1587049464662263
338193366635603
776225612550460
195856520947601
121039568492277
237592783411625
1490357657692924
303522036767878
1940809209486752
1478555785500909
1908396412778048
616430248551075
232588687218159
