nPessoas
196
524
489
67
202
140
63
43
137
253
1253
95
13
91
202
336
161
424
46
136
74
345
306
8
114
664
167
151
492
275
900
114
84
83
103
420
80
484
81
286
76
41
168
401
191
237
631
98
178
416
134
110
353
255
1250
80
326
69
146
70
359
136
92
317
200
336
279
305
86
268
238
13
240
258
121
79
86
188
103
189
115
205
134
361
102
267
682
54
798
1101
470
232
302
91
71
70
600
1193
317
465
163
500
432
597
1109
100
648
224
88
854
1580
727
53
2677
77
199
204
768
893
247
346
409
161
210
88
215
55
266
336
323
177
944
109
139
80
164
340
118
117
85
1779
273
337
136
16
193
157
132
550
226
269
49
328
935
369
62
102
97
184
248
454
75
146
193
97
118
40
59
14
26
138
148
225
23
96
409
28
39
81
244
30
142
9
338
77
126
44
346
174
50
651
277
494
34
22
224
121
133
64
10
13
72
95
95
102
126
59
97
32
75
349
99
47
220
12
43
20
46
81
30
42
27
76
73
93
62
247
88
56
58
37
10
61
50
32
129
49
38
58
44
77
42
163
25
99
49
999
54
22
23
28
251
41
13
27
54
200
34
10
37
61
112
22
745
101
61
24
73
16
115
30
69
75
46
46
54
89
127
35
69
76
76
85
53
37
61
28
60
24
92
103
13
75
37
47
36
47
152
73
86
83
31
123
68
230
1
127
43
453
19
153
43
15
6
59
33
62
48
17
67
41
4
4
43
7
15
42
29
15
64
23
30
99
30
118
25
68
49
22
26
48
60
54
42
46
77
73
46
42
1
12
104
175
78
152
123
140
122
33
409
64
177
32
21
7
1
4
25
6
16
10
9
14
23
5
13
39
18
26
10
24
44
60
27
55
7
6
6
18
16
7
6
48
188
498
317
2249
1818
289
2121
346
385
4386
1410
37
3579
136
73
130
216
5000
579
250
3171
1696
336
142
141
2835
91
390
46
351
5000
59
1699
153
2079
87
164
4111
241
189
60
4982
234
5000
379
266
271
3713
2732
92
60
731
376
159
457
714
163
269
707
662
682
141
573
355
581
100
734
141
53
1164
604
1225
820
68
193
74
1424
207
75
39
433
291
109
199
440
66
738
144
211
169
1968
155
393
549
3996
263
265
33
147
105
995
313
416
475
387
73
330
89
24
180
29
17
27
14
4
3
2
12
7
18
11
11
103
37
19
18
122
473
23
28
77
284
79
97
157
91
31
44
111
209
33
21
71
66
18
21
762
91
254
25
15
259
71
123
18
17
232
22
169
104
30
44
33
296
191
86
26
55
44
271
13
49
128
27
82
46
250
148
85
32
35
128
77
66
30
25
188
120
57
25
44
164
115
136
70
237
567
113
124
30
87
118
84
32
60
120
1373
39
54
173
121
27
55
79
72
20
31
94
271
22
30
1341
92
86
69
48
356
94
82
94
59
81
104
67
169
100
103
25
92
1186
51
29
15
84
59
32
35
67
134
42
38
78
68
8
53
64
158
856
17
44
437
22
97
82
51
87
117
142
32
24
106
196
132
28
30
123
95
56
20
33
234
115
101
30
33
188
48
119
29
51
331
70
68
37
44
386
135
72
36
64
671
71
82
89
394
63
49
90
552
80
92
39
50
283
90
129
27
48
106
260
310
572
24
875
39
383
75
89
104
199
78
40
66
508
167
726
122
71
259
90
56
750
171
158
29
84
102
118
909
336
370
833
1434
8
6
26
5
38
37
5000
2621
421
1672
3841
57
2269
681
542
3192
404
3267
474
70
219
1954
189
125
3082
297
101
1417
81
1292
5000
976
1574
349
913
336
260
141
246
1379
442
899
912
161
5000
410
746
178
385
1633
186
1707
27
1105
557
280
1044
448
844
169
1267
482
1292
1546
594
726
2245
676
187
930
47
204
206
39
52
56
22
68
47
63
2208
46
117
45
90
20
43
21
64
53
35
175
50
24
70
56
40
162
166
232
48
159
140
112
17
73
93
80
140
130
254
345
115
213
65
76
119
676
240
209
210
125
61
48
785
4
25
1535
55
276
61
142
202
149
234
539
106
276
10
67
56
11
516
67
435
169
811
197
93
147
89
449
107
1268
199
457
259
837
1497
796
1144
313
1744
496
512
504
581
1316
2743
422
3086
33
27
18
140
784
83
823
554
1730
32
249
159
15
31
116
610
1103
318
473
162
7
110
197
302
578
2605
24
172
19
1282
378
5
45
18
44
139
3004
16
1135
18
5000
536
572
5000
2327
1771
191
989
672
1615
3341
4
119
27
577
1483
2525
3
17
36
12
58
5
35
24
16
20
19
11
18
11
10
10
18
10
13
2
24
76
17
24
24
10
19
7
28
25
16
34
8
17
1
11
1
8
19
13
12
17
697
32
24
33
21
34
42
16
134
30
12
22
29
70
13
29
45
17
10
9
27
39
60
28
23
42
26
25
37
19
85
53
12
42
44
12
49
10
30
33
295
8
28
10
79
25
44
17
159
3
35
65
48
24
31
22
81
29
34
70
19
104
24
15
23
20
20
37
13
21
20
16
25
46
12
110
27
38
23
26
70
30
19
92
161
90
61
163
144
342
340
14
139
118
89
56
89
161
167
24
39
190
236
133
11
526
76
223
209
141
40
127
226
47
168
173
70
71
166
271
173
248
16
6
38
448
155
162
85
195
247
44
220
417
143
189
205
260
71
358
45
109
162
176
98
144
94
108
189
361
20
13
428
78
47
119
219
73
193
309
190
21
24
292
9
109
54
156
190
706
82
142
43
59
220
142
255
243
121
1
40
2
49
52
1
3323
432
1803
2738
675
4047
1156
161
1570
2022
372
48
68
3036
580
366
788
216
41
27
168
1136
60
246
40
199
291
48
128
165
33
84
80
41
11
34
33
146
16
45
92
57
52
19
44
25
59
54
62
74
164
80
81
30
55
75
135
126
92
106
104
65
130
115
168
701
722
872
496
198
242
1604
539
5000
28
31
38
30
54
32
14
29
25
15
22
17
34
24
28
22
19
29
25
45
34
90
31
19
540
53
31
75
103
57
17
1
16
180
68
14
47
88
28
26
174
775
67
44
102
109
36
83
142
13
52
97
12
191
225
24
27
51
25
14
56
8
576
16
61
32
70
58
26
36
16
36
13
7
16
12
34
17
19
22
16
22
3
7
15
5000
65
2336
2361
264
754
2615
171
110
1000
1223
303
1052
840
1706
183
