178132152632754,2016-10-15T22:00:00-0300,483209458715743,1783630811896802,1581954268728490,1510780692492788,478210339024232,346622125502603,443145939156630,614421865359634,975734265889640,738243922957898,730512057052695,445688435533936,635106233254990,1010104809088216,880488315379057,875259792557709,870057903051241,1075037549215242,761242450588070,880787848607688,975214519164300,
1787891621450965,2016-09-26T19:00:00-0300,1713748848852770,813787635410136,594442297330492,932818690116468,953545714695881,10203818542209279,10204541633680505,
1748162798769679,2016-09-24T22:00:00-0300,912092538860931,
1770392893203826,2016-09-23T21:00:00-0300,399411580447673,700232540082794,445688435533936,870057903051241,
1771283449752714,2016-09-19T19:00:00-0300,182906372153183,121363351599715,249948818731119,226081514268574,492776380920320,515153088666066,407818226054477,323557864469726,691668797639199,491962597608620,615717268543883,592068044238698,445688435533936,808593542551474,788491994552787,714360398630028,932818690116468,1630841153646211,751205648268612,907831255924253,945485395475016,781822308505544,1280182318667575,988187374530355,935697356442885,
1790502801232417,2016-09-17T22:00:00-0300,1471997369778948,1698239530452897,346622125502603,457267207762692,626668920795483,988187374530355,
1797452237167322,2016-09-16T21:00:00-0300,346622125502603,491962597608620,544903642312849,470513563079080,570608806392068,839895949456834,1078146488959812,638830122886062,731765576914928,1107656122651175,746599402081806,1004685099591767,870057903051241,893166254069919,938402089523653,10206982131778155,
300787586957197,2016-09-12T19:00:00-0300,334691043631715,1668164080178087,362753030592597,346622125502603,1545842002221799,594442297330492,737757579665075,850514008354494,912092538860931,10203084069555465,
291707724538185,2016-09-10T22:00:00-0300,1530831103855011,497002863806366,866721863459911,794364647357571,1021317864655336,810039039095511,1113875078689469,1075037549215242,1128920690473185,
1059905684123214,2016-09-09T21:00:00-0300,177040099399838,1731299207122788,1638764593038615,1667113973535337,667629803356429,674147459370738,1059003757549248,794541350660223,817647811681354,997574960328601,812765488791461,851992834838719,1242238005807743,1123449604348798,
1630912730572921,2016-09-05T19:00:00-0300,301004226973122,165069783841021,1581954268728490,1663784293852042,607826952698526,1082837715180736,918889361560801,637902859650696,445688435533936,664591830308639,712343905530645,855507317875847,799001740180491,1154783007933688,746599402081806,932818690116468,953545714695881,854267614612625,756273137741193,945485395475016,1114403108575040,10202098939541684,10204541633680505,
669262133226385,2016-09-03T22:00:00-0300,1751972778388371,1663784293852042,346622125502603,774524452655833,781822308505544,
308914962795801,2016-09-02T18:00:00-0300,1506908282925701,1663784293852042,1798497037046076,381787275332116,416953161805161,1502849733143854,797027180373834,781560945249603,912092538860931,821845654549031,932818690116468,886649208045790,988187374530355,
557093191143553,2016-08-29T19:00:00-0300,311447825910700,1609644319277375,1473736072844157,304384233091011,365528006975554,381787275332116,421243881385330,416953161805161,527151304117852,511527245669419,474563702677675,1021317864655336,752945938153704,650786331697343,550636035045445,445688435533936,664591830308639,855507317875847,989405657819319,656471771111229,815051741912805,774186159331851,775881062494009,853019501446552,1034696319945052,845299558882346,1388565367888993,881087835299172,781560945249603,805649952834445,813609318688459,975605052470748,952377181452910,945485395475016,907747855908927,1327359337274509,10202098939541684,10204541633680505,10205267710270157,
293855847648208,2016-08-26T21:00:00-0300,492451231147086,115082395503831,186755661661512,1630524990515433,1686130741602117,492776380920320,742010452648015,696965183773170,813787635410136,594442297330492,570910659681851,577025989067688,445688435533936,909204419173822,1057412070951602,1258974817460582,986324044715295,10152741571140939,
1524740137552055,2016-08-22T19:00:00-0300,241238746270588,192257391143635,104355856583767,379509395573737,416953161805161,526947997431290,729221267201282,813787635410136,832427546866312,596486077126958,570910659681851,534006740035808,445688435533936,664591830308639,764116093687662,712343905530645,1069467749812055,656471771111229,649924918429403,1115590241855824,746848028724709,912092538860931,838764542847673,771467596239105,920259404690976,868651529846799,
1030443513743365,2016-08-19T21:00:00-0300,1457604851230036,1658253437756922,636709449856410,344733132360267,1106008736195893,813787635410136,763301607119523,708533305905682,912092538860931,10207007400917970,
164793103924530,2016-08-12T21:00:00-0300,255975178138555,303301356723520,167339073639252,1456640264666526,824609744409717,492776380920320,426519097529783,419199728256600,346622125502603,519857544824230,879067225548868,570910659681851,445688435533936,686440278115635,822784691147737,815051741912805,711610832251967,769850793088411,749184731811608,843601242363029,813609318688459,941644245859330,10201542585362851,10207007400917970,
536561293218556,2016-08-05T21:00:00-0300,390930717938113,115082395503831,1716607938639666,362753030592597,296007017258090,374804882709042,430100507170688,322196664623911,588561614646088,346622125502603,465041893656352,607826952698526,749634225183078,895506950595164,619563758184537,707097449428288,544903642312849,648026071992286,1013657752085966,654032511374533,594442297330492,896978370403877,1150857618345918,968203939933674,860944947325983,1093782550707452,861924820559844,1065281026879744,787306074675132,819159041488665,1078579632207688,911347542264187,751205648268612,760158457372183,1143915258988330,1181487291890453,752243158147204,800980799927052,994200697263564,1108006505882064,1038155176197420,10202193610561837,10205216279594910,10207007400917970,
1070027986379371,2016-07-30T22:00:00-0300,327234127678891,1411044012552332,1613264175630080,1725963787692709,1542920382649451,1600982136822213,1844650682442438,1642887859284285,1542182636006719,372573769594665,393596680807540,416953161805161,527151304117852,874512522711058,465041893656352,363540757134151,525769257577160,405143362971835,542101105942025,667461973405230,456172847864068,635590836582462,400746546733462,476544879151116,574877299317789,667196450080538,927453840715145,701339496651834,705412506243009,752753914840949,1210389072408841,693164480797109,603165053129665,594442297330492,782513678523058,534769106628577,878840752220726,445688435533936,497789673656473,637545203005383,867262400031666,718254691596866,1469734283114536,1074107046009485,1074336019317090,807406156009991,735606886517906,611301232281637,782324811844967,817091291700752,910989428971303,906262949442242,683144891753879,1523563267697340,954573087925209,897756970269271,960221637337790,991518030865751,10205589875785264,10209698689292033,
574322152735591,2016-06-11T22:00:00-0300,304583283241340,330747737278533,1612255875729320,1779209465697458,1515437485375873,1573472739564675,1653352024897241,346622125502603,685865008225454,614436228698474,464621723678525,865807693552864,572480169538586,701339496651834,692749920843546,682628998522250,679752495473048,534769106628577,600623470042259,876728652423635,1332886813464761,912092538860931,10200964580355853,10202337430876204,10202185080137828,10208050568968671,10206811384147389,
257629847923554,2016-05-25T22:00:00-0300,274417632953480,324713007871866,1621164794878576,1508783979411074,1599330340340633,1550077065248934,1758025501110170,1993634247544098,1678978592321117,1560943650785386,697801897090798,363068167229129,496985257146167,346622125502603,551151141708148,481051758716608,485051401643641,446830465465622,502242023254746,614436228698474,635590836582462,636351599834841,708627115940393,497720320362123,558334630965115,614084625388150,990086844454332,939732402816019,730892457033330,706339612819593,693164480797109,705098536267952,748048398635851,578188458954118,615137745257142,445688435533936,588265134608891,697216793710408,792914730806202,775878732507238,993089040783674,694272853982258,836871213052552,962932440444020,1075037549215242,753479694697685,821626604542443,955265351168412,985881681427003,1344331738911552,10205556101176152,10203923130592562,10203896690250792,10205320429355299,10206811384147389,
653816378104240,2016-04-20T21:00:00-0300,346622125502603,942362845893312,964044443723500,961737557280265,1012709428755000,1199355750084877,10202836247578924,
221985118175981,2016-04-15T21:00:00-0300,346622125502603,902918933123936,817368078344778,912092538860931,788491994552787,1199355750084877,
992021994213662,2016-04-08T21:00:00-0300,379850609072485,950985788355639,765203673577310,907983172595785,1171238499585709,10203794815369307,
1731474407132138,2016-04-02T22:00:00-0300,1468476990127077,1530831103855011,1473595529557527,1878256659070183,483119275187659,498996406932712,346622125502603,334126073403924,923354041142108,816771811792802,631441610300149,826369144131102,590235464411039,738677566216455,817091291700752,818208351588830,625300920878011,723595387689629,
1550582188572277,2016-04-01T21:00:00-0300,1443973332568043,1521591131454956,407818226054477,346622125502603,595593423907360,743105329149074,742065955908218,681340215306597,445688435533936,890573824374666,735234416562165,914887278577033,869218906465278,823394454371188,797375513637054,10200609072826991,
1682834298634066,2016-03-18T22:00:00-0300,1697190503844676,537106759768778,833348010117133,842833749141611,904723539610161,833924896687710,760000800720160,
