100907000544324
1037555916381787
104179836981978
104986116863406
105553803447367
105903586735618
107068889960595
107626656582535
107867506584173
109263536374451
109366799723812
1094215584042791
109519716374013
109570086340525
109707623054831
1097262953737103
109745436349621
1097544700377614
109760596372300
1097771130366715
109835983060035
109926896319280
110194356340061
1107887359311689
110970612919594
112129222827270
112167909424599
112474692781576
113077696040128
113137852732880
113524659293479
113615552623223
113855355991823
113980969298075
114709349160328
115119219146462
115600032439186
116247382396886
116267569072319
116386615743591
116528862300745
116578369024636
116652882320805
116672368994338
116855499027013
1168579179908304
1168730829939703
116991415698916
118036335592907
1183203165158783
1183290331817135
118909255509593
119457568706983
1196125967160436
120505441914057
121039568492277
121291031826990
121829738471178
122052648442467
122195098393999
122322551758022
123669274933408
123908728211488
125231341441969
1258361907625012
1258617150915212
126346594682059
126429574645834
126622704624134
128065954454800
128388211108899
1287360681387341
128926024366016
128965984369272
1298384910279663
129885920948520
129934647644798
130542511016094
1306315646132493
1313694008741263
131520570813705
132458290685568
132460353999340
132513904036272
133037550652755
1348967515201686
1364350743657313
1367622346690785
1368807213200649
1386099254844530
1388588684544267
1389485921170026
1394923850563142
1402867279825743
1414221055336144
1415406048586933
1419099838185924
1419870224760257
1420837471308271
1421506541276390
1421632504558542
1424973144205432
1436291863120543
1438372729582321
144764706080899
144892582775728
1450851088330665
1452468678204390
1453365011412675
146016055987869
1460461577309657
1464527536941386
1466580196766453
146738622578322
1467787136616545
146804895900622
1471260106292374
1472287299514469
147758125818493
1488900661186645
1489561524423616
148990778994517
1490357657692924
1491688450862380
1492474027507660
1505808256152126
150812072172062
150849862165395
150995318783015
151242038794274
1513012568741868
1527264064019468
153231331900539
1534019463327122
1539426919436168
1539917982713650
1546552465402673
1548566055257027
1549835928408517
155202848378837
1557756757600869
1559216107450502
157370198146766
1573720582680581
1582116671821540
1585787328160451
1587049464662263
1589930594374574
159007518014883
159222757986549
1601463126562619
1603630796374163
1606928726004288
160960687805468
161072007790472
161189074443883
1619343204776579
1619821748041725
163136850897882
163202454230309
1633588683320685
1636238366410567
1641044205948033
1644590495573444
1649704668394768
165097487392851
165891667307230
1659568570728655
1662165287127177
166352453942636
1667370363337689
1680258805615563
168340237047786
168572627019649
168583160377981
1687475171561823
1699665023674805
1702628466703342
1704258206537428
1704474126248226
1704887816481328
1712963889009151
1724029531237129
172542466638154
1736387333038393
1738690839757698
1740097679624660
1744084808954232
1750889524972940
175491956324315
175540492988780
1765397813476026
1770032363294355
1785601055085803
1796234687070436
1803503946333919
1804661376512854
1809638999053421
1810349119279999
1811016608914463
1818775715099319
1826378054345679
1838765206437660
1857542241161820
1868588476801857
1879784192259771
1889406957985490
1895847784036460
1898106100427692
1904496086543245
1906151046328426
1907203092871053
1909009236003729
1910672202516756
1912207899051979
1913806248834129
1918448335077899
1919134214969128
1922946414646454
1926609910942844
1926726784267536
1928158717429752
1928465124090769
1929981403906431
1931304143858575
1931856837030064
1932387587084784
1933591423563741
1935113653476024
1937545766508203
1937963456527514
1939127873008824
1940185079531349
1940778102869959
1942134722738893
1949867558616627
1957474921167677
195856520947601
1962871433994513
1964653673809497
1969921963241404
1973645422868520
198293150697586
1983296961946843
198453050688620
1986584338239887
1986872478214740
1986903644875566
1989302934649511
1989802914588144
2008762702688877
2018685181696481
2032562106973632
2064794323750849
2109815145912381
2113272868899314
2122705407979024
214137925781475
2181515558741933
221015485089302
226938717835097
235858496912709
237592783411625
241439226344580
2420064944799089
245003259324807
245094722661100
245560679282673
246931812466038
247052572468303
247563442406172
248245009021534
250232418801823
255196161647680
257769341387746
260601714458883
267804553702130
268090043669826
271780746661717
272190229965743
272316433271036
274619573021887
274957192991999
275302289610160
276401886192680
279921535822460
281410282327304
281878245624929
283316978808638
290099404787867
292797257834247
296272354172442
300526543741649
302997180161102
305705993226395
306872349779472
308415159625545
308593609552710
310410696096694
310565112738035
310686862700709
314978702292869
318332161943781
323035374819779
324259598018678
326312121113200
326480737787581
326948831086431
328342090961264
330371260742472
331918093914267
332067173871252
334076950387854
335754950213773
338193366635603
339126423177126
344701802625824
346212732485931
348139918954460
350900052011573
351488368620356
353477961732808
360208971079434
360308187734147
365581477212895
371310733286461
377947902623833
386980665032173
410421569360300
432882890421364
433067337063262
438249326570884
439904036394980
446317809093812
446646545715139
446747155682983
455746191485007
455814964817476
463908220640419
465490390475608
466193750429389
466265473750666
468576780164581
469447586721018
471309429934402
471348586565387
473948919648942
476979705984415
477898229252111
482793438751794
484793388556848
485584271812672
487762538229270
489239448095649
490055864681593
490184324653330
492421191096323
492444154438610
494746507528355
496424754058033
500122433674092
504036679939068
504295803237289
511047352621046
549889478735528
576570166066344
633121570219205
638029336394765
638407049686010
648492942021459
655702987959725
659172324282115
662485983949679
680369665493410
691419941061633
703487066511930
704682336388334
705231506342660
726513597553373
734417200077940
743571455827737
749646661881714
750003911838269
750800568425851
751293771709159
753018378233995
758479191007021
776225612550460
783142651862463
789167841251426
801253323389083
805614296283681
807475349405179
816453075170629
818357258339388
819381654887778
820016191498823
820250241470195
826531780848007
827220937442190
834827896681295
839427782897260
842574479230935
842674209233104
842969589191183
850491451769932
850597951770508
859110150911381
860128487484571
872024626285683
890276171125452
932791406860187
936226006524590
939772399496585
940664799407651
966175576857491
986655524770814
