100358207194877
100907000544324
1024125224360575
1037555916381787
104179836981978
104986116863406
105553803447367
1057241704408526
105748889945441
105830259937955
105903586735618
106022733351505
106976726503385
107068889960595
107626656582535
107867506584173
108083386389305
108207283072339
109263536374451
109366799723812
1094215584042791
109519716374013
109570086340525
109707623054831
1097262953737103
109745436349621
1097544700377614
109760596372300
1097771130366715
109835983060035
109926896319280
110194356340061
1102705469876087
110541832796761
1107887359311689
110970612919594
1117728638371420
112096489347328
112129222827270
112167909424599
112474692781576
113077696040128
113137852732880
113524659293479
113587885835166
113615552623223
113855355991823
113980969298075
114709349160328
115119219146462
115600032439186
115784292314757
116069842279309
116247382396886
116267569072319
116386615743591
1164813943630542
116528862300745
116578369024636
116652882320805
116672368994338
116855499027013
1168579179908304
1168730829939703
116991415698916
1173590016090471
1180235342086279
118036335592907
1182394228540625
1183203165158783
1183290331817135
1185044994950557
118909255509593
1189667441159120
119457568706983
1196125967160436
1202297703219133
120263651880779
120367195220686
120505441914057
1209286885856854
121039568492277
121291031826990
1215349021833756
1216855275077295
121829738471178
122052648442467
122195098393999
122322551758022
1227657667322214
1233075440115930
1234574289954158
123669274933408
123908728211488
1239649979404941
1240611256057801
1242381085850028
125231341441969
1252489254870874
1258361907625012
1258617150915212
1259431077517667
126346594682059
126429574645834
1264449156941933
126622704624134
1268776563212920
1273525109363231
1278512618903873
128056631073380
128065954454800
1281630858619120
128388211108899
128449831032606
128623151038038
1287360681387341
1288393947909129
128926024366016
1289617431122290
1289636197792283
128965984369272
129435710966653
1298384910279663
129885920948520
1299234076832895
129934647644798
129998790881736
1301799116557377
130223977524533
130542511016094
1306315646132493
1309073322482924
1312066008874965
1313694008741263
131520570813705
1317076625050273
131903097368700
1324521630988031
132458290685568
132460353999340
132513904036272
132871967264196
133037550652755
133241137227280
1335871086434121
1338807759533533
1339372509513089
1345499208845034
1348967515201686
1354272287971386
1357632687628759
1362422740519288
1364350743657313
136522616898489
1367622346690785
1368807213200649
1370254929733940
1373869599302140
1378554548861969
1380343345392258
1386099254844530
1388588684544267
1389485921170026
1394923850563142
1397652460323158
1398917290168934
1402867279825743
1403743052997103
1405152179503089
1414221055336144
1415406048586933
1417047141660334
1417461675015028
1419099838185924
1419816298077331
1419870224760257
1420837471308271
1421506541276390
1421632504558542
142310782967164
1424973144205432
1425496424141439
1430859806987422
1436017156491200
1436291863120543
1438372729582321
144764706080899
144892582775728
1450584011666933
1450851088330665
1452468678204390
1453365011412675
146016055987869
1460267740702479
1460461577309657
146102319223056
1464527536941386
1466410566748391
1466580196766453
146738622578322
1467787136616545
146804895900622
1471260106292374
1471599606193897
1472287299514469
147369059095036
147758125818493
1478312378866667
1478555785500909
1481093598599511
1483611781680525
1488900661186645
1489561524423616
148990778994517
1490357657692924
1491688450862380
1492474027507660
1493663924038890
1499514426735538
150391908828953
150448702161196
1505808256152126
1506116822762526
150812072172062
150849862165395
150880458778462
150995318783015
151218542070135
151242038794274
1513012568741868
1514617698548583
1522223071134940
1524006520943958
1525423100832876
1527264064019468
153231331900539
1534019463327122
1538952539468205
1539426919436168
1539917982713650
154226771760209
1546552465402673
1548566055257027
1549835928408517
155202848378837
1557756757600869
1559216107450502
156829634818511
1568481286550745
157370198146766
1573720582680581
1582116671821540
1583226158378759
158431801351291
1585787328160451
1587049464662263
1589930594374574
159007518014883
159222757986549
1601463126562619
1603630796374163
160529334479541
1605419932805910
1606928726004288
160694481130821
160960687805468
161072007790472
161189074443883
1618873084806947
1619343204776579
1619821748041725
1624480184246446
163136850897882
163202454230309
1633588683320685
1636238366410567
1637603489881682
1639937906302217
1641044205948033
164384100739067
1644357142535835
1644590495573444
1649704668394768
165097487392851
165454143950533
1657278364289542
1658188514485494
165891667307230
1659568570728655
1662165287127177
1663442293964599
166352453942636
1667370363337689
166934667163178
1680258805615563
1680891408884783
168340237047786
168572627019649
168583160377981
1687475171561823
1692864197689604
169287560232842
169410023556120
1698880450404373
1699665023674805
1700056203625450
1702628466703342
1704258206537428
1704474126248226
1704887816481328
1708352246122715
170858946760943
1712963889009151
1718340548466318
1724029531237129
172542466638154
1725651854362014
1727191190904436
1730882023877631
1736387333038393
1738690839757698
1740097679624660
1740621879600819
1742053632773290
1743253832631531
1744084808954232
1744594752499606
1747321792173633
1749951118629020
1750889524972940
1752872625041379
175491956324315
175540492988780
1756285811355445
175873026270930
1761031320879529
1765397813476026
1770032363294355
1778482612178612
1782089798784493
1783947311619309
1785601055085803
1796234687070436
1803503946333919
1804661376512854
1809638999053421
1810349119279999
1811016608914463
1812738649049969
1814328408884924
1818775715099319
1820660174867089
182224205611346
1826378054345679
1828312020766419
1831778290474180
1833864840197909
183817322120663
1838765206437660
1841244009456152
1841460379460979
1841923369356718
1842235762655534
1845172849071080
1845438895742171
1845810869016247
184673398697009
1848363292073539
1848381945383710
184958188661248
1853638101559340
1855264694722472
1856009207974942
1857542241161820
1860078814238803
1864312487170673
1864322547224815
1865014120413867
186636548482552
1868588476801857
1875787212676528
1879784192259771
1880827262191097
1884446178477177
1885985651670132
1888808684697402
1888820821391121
1889406957985490
1891839177749487
1895847784036460
1897153310564545
1898106100427692
1898169640438735
1900029430243280
1901796590054038
1901855646762030
1904496086543245
1905013936434955
1905073369704958
1905324553047528
1906017046354670
1906151046328426
1907203092871053
1907423209489254
1908396412778048
1909009236003729
1910672202516756
1912207899051979
1913806248834129
1915147198765252
1918448335077899
1919134214969128
1922946414646454
1926609910942844
1926726784267536
192804654564347
1928158717429752
1928465124090769
1929308203947384
1929981403906431
1930242683931378
1930261287211257
1931304143858575
1931856837030064
1932387587084784
1933591423563741
1935113653476024
1936415166589167
1937545766508203
1937963456527514
1939127873008824
1940185079531349
1940778102869959
1940809209486752
1942134722738893
1943297692568201
1944633785764865
1945429449023233
1947936218823341
1949867558616627
195445970944733
1955421988027568
1957474921167677
195856520947601
1962871433994513
1964653673809497
1969921963241404
1973645422868520
198293150697586
1983296961946843
198453050688620
1986584338239887
1986872478214740
1986903644875566
1989302934649511
1989802914588144
199839777182047
2002332969989423
2008762702688877
201607310337764
2018685181696481
2019870331632938
202417173582305
202530216928128
2029506840609822
2032562106973632
204768553338338
206222689868984
2064794323750849
2077360085614824
209404886247659
2109815145912381
2113272868899314
2122705407979024
212734495913341
214137925781475
215083972326426
216217698876734
2181515558741933
218455295226228
220922705059471
221015485089302
222429074829704
225045884624294
2257390594486285
226938717835097
2277019475857422
229289457555624
229519147530087
232588687218159
235770720203651
235858496912709
235938076892892
237592783411625
239359079803475
239987993160267
240155243123054
241439226344580
241907899592241
2420064944799089
243527512723522
245003259324807
245094722661100
245560679282673
245794979225726
246931812466038
247052572468303
247086245755200
247563442406172
248245009021534
250232418801823
250388098735924
255196161647680
256325578131379
257404584694503
257499284734587
257769341387746
257844984662902
260601714458883
260983271025735
261307234323975
261867710910163
262159820929580
262965257471679
263273174130701
263683057415290
264019624039080
264389497323676
264893733978100
266412550469417
267804553702130
268090043669826
268473926926645
268677370219341
270252260101612
271780746661717
272190229965743
272316433271036
274619573021887
274957192991999
275302289610160
275672519525741
276401886192680
279273579144715
279921535822460
280904532346977
281410282327304
281878245624929
283316978808638
284842148644063
285767691880093
285784845199819
286704111740350
287694824992313
288334114927980
289116418215457
289786384806622
290099404787867
292797257834247
293808787701388
293835261037697
294100184350086
296272354172442
296870390740696
297058177401931
300526543741649
301414736938898
301903946918420
302997180161102
303522036767878
304394243315764
304436773304591
304930286630099
305060936614571
305705993226395
306872349779472
308415159625545
308593609552710
308942636231533
310410696096694
310565112738035
310686862700709
314978702292869
316810608721523
318332161943781
320966091655767
321502928268862
323035374819779
324259598018678
324451824641522
326112434473184
326312121113200
326480737787581
326948831086431
328342090961264
330371260742472
331918093914267
332067173871252
334076950387854
335754950213773
338193366635603
339126423177126
340026319725538
344701802625824
346212732485931
346914582369921
348139918954460
349994388733268
350900052011573
351488368620356
353477961732808
360208971079434
360308187734147
362506560784377
365581477212895
368053403567174
371310733286461
372283593168478
377947902623833
378976889163390
379269139133833
385991708454062
386980665032173
390667017959831
393145784398194
394135747628354
398524773837312
398635677181373
404426506571184
405723423136843
405764873143143
407554932922995
410421569360300
410621239337046
415704415431313
416547658701691
419389718452925
420362044962148
422358738123815
423099741365639
426365357699125
428353464175745
431605403841502
432882890421364
433067337063262
435341390149975
436875439994638
438249326570884
439904036394980
445906565749794
446317809093812
446362812373295
446646545715139
446747155682983
451211665268539
455094614858118
455746191485007
455814964817476
458831781130859
461718160840355
463908220640419
465015967185763
465490390475608
466193750429389
466265473750666
468576780164581
469447586721018
471309429934402
471348586565387
473948919648942
474790946195872
476979705984415
477898229252111
482793438751794
484793388556848
485584271812672
487587834905829
487762538229270
489239448095649
490055864681593
490184324653330
492421191096323
492444154438610
494746507528355
496424754058033
500122433674092
504036679939068
504295803237289
511047352621046
525595210944501
549889478735528
554481888088492
576570166066344
578071402402876
587861594737104
592898670906797
597610130448215
598483130356241
608060546058925
609799942558057
610058069195613
616430248551075
627655174101076
627850697339447
631385893736518
633121570219205
638029336394765
638407049686010
638980746297377
645202945684454
648492942021459
652333848303416
655702987959725
657140384457865
658625954330547
658671824332337
659172324282115
662485983949679
669937103207809
680369665493410
683994921804679
691419941061633
698311720360466
699064636933466
700913626737406
703487066511930
704682336388334
705231506342660
705329946335229
706014029571105
710830842410668
713806335463514
718304631686079
726513597553373
732573570237555
734417200077940
739763492859532
741544542713641
743571455827737
749646661881714
750003911838269
750800568425851
751293771709159
752455518237247
753018378233995
758479191007021
761743300658295
774876079350417
776225612550460
779921335491479
783142651862463
789167841251426
790936107725794
792567554223573
797694940405215
799427710211063
801253323389083
804439113054154
805614296283681
807475349405179
810215529147422
812045525603344
816453075170629
816575345163618
817788005026881
818357258339388
819381654887778
820016191498823
820250241470195
822727547875950
826531780848007
827220937442190
834827896681295
837185589767580
839427782897260
839494659559880
842574479230935
842674209233104
842969589191183
844442089081827
848624468618138
850491451769932
850597951770508
859110150911381
860128487484571
872024626285683
888264164638608
890276171125452
906372646168993
932791406860187
936226006524590
939772399496585
940664799407651
956237191185114
966175576857491
985709468226552
986655524770814
987818781318077
992567514213084
