1117728638371420,2017-05-25T23:00:00-0300,151577818768505,120979398444381,152416781856685,515176388835157,310691305945860,149852352018812,148526458816791,1583478501915387,1498055957099507,318644958301282,576526149167286,454656234674103,436679043135723,800686940045461,700089336764614,529364717163585,762172207214876,648572268573999,630081837085822,1025098117580561,752707901480834,771885299560399,791510970920095,805551012847531,874640819262361,688369221209096,920435004655815,828330173856000,805307742821803,1070146103000695,1299037096774167,10207569215063511,10203416961859131,10206708905904806,10203820024363241,10152705670253926,
1905013936434955,2017-05-18T23:00:00-0300,171778603304657,325017264351019,630081837085822,752707901480834,771885299560399,765337573530538,749184731811608,680452988670156,688369221209096,855592037817481,774916822546702,10203416961859131,
458831781130859,2017-05-13T22:00:00-0300,275854192932602,117750828742682,144195912712265,138512309922637,278994349197742,178878809118504,205686089767815,1423581337969924,1475153579434848,1555027941411547,1637498846485791,1635717203310455,621703641370513,339695502880725,358698644312387,300689563439287,407060526132874,347078885451272,397904830362145,343201569161664,911201855693585,570691289724602,580158638772868,697964493656664,727503687357545,586275788141879,599962576770657,613166995449223,733093756787857,757531991008428,1202331966523564,736965376391054,1053438561406459,734697889932231,988916744498940,788804264509990,702959343091845,1011397108905175,709173802459934,855592037817481,781889165182841,761258807244514,888843437818847,828330173856000,898346903518201,865367546811773,915471948466066,922005581145484,10201654253518543,10202185136389965,10202066730622189,10203351141410817,10210566396107096,10206885166116556,10204015991026250,10202556468578280,10208005178428396,10203335826892278,
326112434473184,2017-05-11T23:00:00-0300,250303155156971,736965376391054,826885047382955,10203416961859131,10205783419452798,
1403743052997103,2017-04-30T23:00:00-0300,139438069918439,176851146171335,205777506565703,180376082435658,159607367840080,278994349197742,353710311694549,177418862636506,117716985262083,1687821678138500,1970828966499452,1554451938131953,282733228586077,469266703242575,346622125502603,410996872386228,792639710867612,496214300508071,687259481394966,881859288597040,720645011369774,648572268573999,826885047382955,761216360613166,947363641994240,876573902390713,769473236433419,782533528458971,925042574206912,814605855239899,1027741420593000,920435004655815,805307742821803,1108587902485488,10203948993027591,
229519147530087,2017-04-27T23:00:00-0300,1474294862863827,1753134311578549,346622125502603,554579814688151,577732412363898,580998132032877,732932226836317,605944246201485,668971983219889,794066930706247,756831731091611,653981734700117,648572268573999,974780232607114,718212928251694,877442388973026,925042574206912,878062212237336,851316264909874,766750750014206,936496823033768,10203416961859131,10203747856530948,10205335134601273,
1370254929733940,2017-04-21T23:00:00-0300,120979398444381,283588525357481,117716985262083,1767882003489002,282733228586077,491064617737928,346622125502603,753142474772284,958865537528194,765337573530538,1300750669958872,920435004655815,1142579435767822,10202023376625027,10203416961859131,10205638112209202,
1864312487170673,2017-04-20T22:00:00-0300,134437430345814,117716985262083,1452514681742746,1778583062366732,855568481224639,653213934791899,700089336764614,720645011369774,765337573530538,1190852797643824,812713075454224,1077147232338931,950618434970831,920435004655815,929940907033163,881266098564753,805307742821803,10203416961859131,10203820024363241,10152283135522443,
487587834905829,2017-04-13T23:00:00-0300,117716985262083,149852352018812,388842457957099,480521278762427,545832178875553,579304262169113,726266877469726,764519810308297,688426151246532,739503879462774,792742950803362,826885047382955,749184731811608,1142579435767822,766750750014206,10203416961859131,10205335134601273,10203613415789518,10152524027361345,
1281630858619120,2017-03-30T23:00:00-0300,186907541789066,149852352018812,1550306815288387,860625864073606,583450765104399,853915728048553,844212162339742,672052946218916,826885047382955,973707815996350,766750750014206,
2257390594486285,2017-03-25T23:30:00-0300,334442817026177,163777074004812,117716985262083,1433570393632158,246430105561136,716298781848583,606735192800528,495817133882883,576116549180764,729332560520653,791944400921487,556005911176743,805836062842633,1359584737460085,1092114034205856,894964573888744,877442388973026,10202188254427505,
1828312020766419,2017-03-23T23:00:00-0300,353710311694549,126654867690579,621703641370513,243723412494377,389653487869199,711231545693170,851789881568682,765337573530538,685998558122005,1013063238726977,766750750014206,
346914582369921,2017-03-18T23:00:00-0300,126654867690579,1473826729604344,1583478501915387,1553724054874832,1484680405111305,826885047382955,1173839706011732,865635560116324,976159822395628,943716455638879,
597610130448215,2017-03-16T23:00:00-0300,304182469947533,1484680405111305,1726503377577325,317247191775122,580998132032877,881859288597040,692994797456830,793175664103589,757771697604227,1831199500239919,
739763492859532,2017-03-11T23:00:00-0300,261697980896367,117716985262083,126654867690579,161528244183466,1405390826428941,1511533082398729,338860272971936,377878872371204,382544618554640,877453295708504,928042267309705,584284925010434,579959625437711,529364717163585,726266877469726,768648619885919,10202791220294783,10203613415789518,
243527512723522,2017-03-09T23:00:00-0300,126654867690579,631904076937577,1168175713308790,757445474354842,764519810308297,766891970050509,837307529659896,920435004655815,766750750014206,10152123698622831,
113587885835166,2017-03-04T23:00:00-0300,1575453796021313,1635717203310455,335924829900286,484906758330413,570515359718420,1074311162648971,754892891255280,774728379264919,744894682235243,1048717255154389,922684124420360,1223397981008820,10213599225321990,
275672519525741,2017-03-02T23:00:00-0300,126654867690579,10205335134601273,
264389497323676,2017-02-28T23:00:00-0300,291790021185632,126654867690579,1424990284489980,1614434082176020,1484680405111305,407018016156961,346622125502603,382544618554640,625599534246016,501685193301801,852488348213607,700089336764614,720645011369774,792742950803362,686187504776348,866158483445365,944041248986057,1077147232338931,1145887632111747,920435004655815,1075751365779216,943203089031182,994983937181237,10202725590220203,
1354272287971386,2017-02-26T23:00:00-0300,230071950737455,291790021185632,311729249184348,126654867690579,1598154653834469,1578225065798532,1484680405111305,1545486765685002,498449920365709,243723412494377,292713780927046,351170425070865,277782085740260,323760017795686,541573752677150,287833288049931,364315810391228,332358056913909,501685193301801,496499247151449,458916767575292,665209933612593,533631493429048,813787635410136,783977528389366,819225988194010,1025420967574211,688139757965629,992562264189589,662730507170243,720645011369774,649914398440788,832171283547640,1046905445404503,764519810308297,755069571251906,720492918042709,781988385216234,864038600342567,814223285323841,902717446473909,697889713621285,771925349550467,714089325332126,800580890015451,899537203452702,718212928251694,706521326080865,801221169942256,749184731811608,984725944923496,944041248986057,751205648268612,1077147232338931,953545714695881,1017382808307319,920435004655815,860345863996913,762070963823263,998162813546826,901916183169177,1831199500239919,1021998721158073,808315195856097,910408368979923,994983937181237,992398510770307,10201768865583353,10203416961859131,10204328000784304,10203339636591407,10205340475769527,10205249340167504,10204753026799373,10203613415789518,10202944123657485,
1024125224360575,2017-02-23T23:00:00-0300,291790021185632,1484680405111305,1575786682648507,346622125502603,548502198623470,606760899428654,757445474354842,791510970920095,749184731811608,870964379628581,688369221209096,852884921413672,856171554414173,1025859470773915,10205342511111741,10203613415789518,10152123698622831,
1378554548861969,2017-02-18T23:00:00-0200,291790021185632,126654867690579,1581349288773453,1595423734022385,693797284150065,346622125502603,501607986655856,332358056913909,501685193301801,992562264189589,606760899428654,584119941688789,648572268573999,891253667635811,728503627236068,1173839706011732,1050501348330352,826926057349570,828330173856000,844604742227197,951470718205697,1523892000960744,10205066918817249,10203613415789518,
250388098735924,2017-02-16T23:00:00-0200,189743694874330,246742752431675,353710311694549,126654867690579,101195366882405,122311581434287,1660909290900255,1797881910499540,527035160815681,501685193301801,656848487782848,621864161280820,631904076937577,725196587564022,735606886517906,792742950803362,771483166261681,718212928251694,751205648268612,1077147232338931,774916822546702,10203416961859131,10202791220294783,10205335134601273,
1216855275077295,2017-02-11T23:00:00-0200,173583599798981,126654867690579,791944400921487,637485476366982,757445474354842,729692787115602,892935720788018,789144854497257,10203416961859131,10203613415789518,
451211665268539,2017-02-10T22:00:00-0200,158527267991890,296612217460800,1464418990550743,1647191002260476,1789860221241053,724981901011748,527151304117852,346622125502603,808621662605600,621864161280820,1230665700388128,637485476366982,716562968452424,892935720788018,844250305640524,1173839706011732,1003511053023668,973707815996350,1095174780509881,
368053403567174,2017-02-09T23:00:00-0200,1462309510698464,291591267697430,724981901011748,346622125502603,480678085423471,1168175713308790,791510970920095,
657140384457865,2017-02-05T19:00:00-0200,1555818191373354,1574862312765892,1484680405111305,1567174200194505,1543049675928904,1635717203310455,498449920365709,466238560213926,557801011030694,621864161280820,738160789647290,700089336764614,623615664405304,844212162339742,630081837085822,939543252786233,718212928251694,791510970920095,751205648268612,709183922470363,730350480347604,932395693475639,920435004655815,887887757907766,904273426266799,996871736991734,10203613415789518,10154160849592925,
1182394228540625,2017-02-04T23:00:00-0200,134937713641710,311729249184348,1598154653834469,1804324499857273,1574862312765892,1821298171436905,1871522926405338,324933174376036,703175063201677,554579814688151,574356136043750,681122412024812,621864161280820,706291326165544,1025420967574211,658049440977901,725175667597458,675204889260556,757445474354842,862715210476689,735561373187784,964484610291454,908445419201597,920435004655815,10203097367586994,
1740621879600819,2017-02-02T23:00:00-0200,353710311694549,371545659890491,385880278429066,527910434023031,554579814688151,495481270552421,633421410089618,623453114415348,892935720788018,932688183457997,713794488676731,730350480347604,920435004655815,908514049159282,10203416961859131,10203613415789518,
1531102126918553,2017-01-28T23:00:00-0200,126654867690579,1439942973001132,1481967705436118,1942917595923310,351170425070865,290808161099927,319614151546585,346622125502603,872158692911306,545832178875553,813787635410136,585925464862969,783977528389366,791101624337002,757445474354842,775268019232804,748872088537080,781988385216234,892935720788018,862539957160841,791510970920095,903637423034247,765337573530538,749184731811608,920435004655815,842874489070672,967188106624838,10202651291437373,10206000996135922,10205335134601273,10206078698585909,10206131153890444,10154083646297707,10153249846959417,
1229245030486058,2017-01-26T23:00:00-0200,1484680405111305,763306917109949,495481270552421,757445474354842,775268019232804,817659144983591,939543252786233,791510970920095,
269802366770342,2017-01-21T23:00:00-0200,165609207168287,311729249184348,346622125502603,501685193301801,748872088537080,736965376391054,791510970920095,749184731811608,944083942319881,835707083152570,751205648268612,920435004655815,938259982870905,907503955939809,828330173856000,10202651291437373,10205335134601273,
1155477667854735,2017-01-19T23:00:00-0200,545832178875553,
642260155957408,2017-01-19T23:00:00-0200,621864161280820,545832178875553,778538135579005,791510970920095,807212926016515,751205648268612,709183922470363,918445954846777,907503955939809,10200538205895487,10152123698622831,
227926477610845,2017-01-19T23:00:00-0200,545832178875553,
1832743266994293,2017-01-14T23:00:00-0200,311729249184348,126654867690579,757445474354842,749184731811608,751205648268612,907503955939809,10205733971054394,10154092390153047,
366021347110236,2017-01-12T23:00:00-0200,646408528836310,621864161280820,665209933612593,1302291756565829,855568481224639,694021064045953,572622249506607,495481270552421,757445474354842,775268019232804,736965376391054,791510970920095,696054547124341,1190852797643824,684982968229295,751205648268612,775728039125149,826724347339691,10203114434220003,
1668955853401867,2017-01-07T23:00:00-0200,203108606773786,205478419811614,1615141088727579,482570085252148,346622125502603,855568481224639,806132596161233,829759383767336,1792908187415807,844994588861873,766750750014206,10203416961859131,10154092390153047,
1754432771549736,2017-01-05T23:00:00-0200,130132027367090,1562761180616904,346622125502603,855568481224639,748872088537080,792742950803362,791510970920095,730350480347604,920435004655815,766750750014206,10203416961859131,10205783419452798,
133772357121107,2017-01-05T23:00:00-0200,130132027367090,346673599039448,284591408579182,205478419811614,126654867690579,1562761180616904,433301933516188,490216611117891,855568481224639,649914398440788,834665816615952,792742950803362,791510970920095,1048717255154389,907503955939809,766750750014206,828330173856000,
351765811841354,2016-12-31T21:00:00-0200,191537894671936,158728714607085,131581680647445,123458164792512,156327954835456,151474525318275,139027953226046,180874769037666,154700804985910,293013041153159,180043655774691,131967703910418,156560501443952,165370687227635,187420691687082,165404373886110,151191415304290,201777893574600,185152665237112,181903455559258,148406152241486,281463508934218,179468362462159,296264370781399,154426738293675,265707143828207,438875743174639,332583500465017,190560741330575,210144639372133,174867862896296,163777074004812,279173625798234,365529423820468,167104116995902,117716985262083,236277590069944,494764180885373,205478419811614,132399587118611,285326358487992,470068416677736,176559496028544,315424468807291,149404755405246,207229789621528,222899148051353,166524940354034,126520921019337,113028855698899,515033405498248,1703558316640784,1396075597386834,1497593193900968,1471110643214729,1395037124155365,1692536054401847,1905710553084291,1447354405583244,1860527807598735,1714382252212992,1433414016975700,1598154653834469,1515777028737954,1402181990096011,1475397746105612,1751402591837287,1866262197017204,1477742285868141,1394181840890459,1427454247563114,1432652047038747,1405390826428941,1391432484490819,1557459221212340,1467731133518113,1428330237457000,1436034023352517,1473477766270565,1699098833707344,1483039261979568,1628783114069013,1532267337053499,1683802635231399,1529945637282375,1423710131237320,1835971453339601,1470992829836124,1768173103448510,1538913433033629,1519205948336578,1585105581744990,1594604477461126,1458780117709723,1460773094176838,1677456295837516,1589726291276804,1484680405111305,1796864653892786,1554451938131953,1545556512353203,1765672443672899,1509215679318330,1482395491998193,1758994204337248,1635278200039333,1728943277338801,1595423734022385,1537670899797641,1653558298207084,1965360697024056,1562761180616904,1880801108812703,1916277185264544,1667022926856329,1869134719978294,1778583062366732,1806372666253453,1594430307447388,1473736072844157,1574252659453690,1746682615543712,326015440937604,408415022697469,501984303340271,269073473296883,295469253989100,273470662854762,492743240926939,313810625485978,243723412494377,268358420029998,302018956663787,418609598337832,300071630188792,268757789986444,555017211360430,330868190439407,285626568295064,468189896704841,548384062017225,342412559280035,351170425070865,343419669179099,285040701683558,250303155156971,379649302221981,313750508810257,300540423463869,451040865080388,468681593314586,386362214878824,472015799645876,652163111629717,534371463407829,331120133731845,300161370160542,724981901011748,371385479704631,897771103732701,450347518472872,663333743840602,316787545161024,344228729083131,387062388130161,475056219330701,407818226054477,506977312804908,521140811385912,643955592437509,527151304117852,636605789837028,395180213979216,386988284798291,294431660716118,341345042690344,477707872386573,499815926842255,635862563237195,417002988455911,389868747835332,857922917693754,445828312236257,765072250311505,530561730427824,390484021102112,673403489476135,422484417900928,361433834005734,507357932746396,556078007873969,364291460385802,389786967835542,1029985863814946,691353517677893,591699067643271,636923866454074,599987493480920,554579814688151,633440523468586,618960884916446,630435887102235,580323768779992,612658878878814,696113387199663,455646804579624,756009214543252,557801011030694,509032205906844,630976610379016,506107896198615,560615057414545,755150414627098,468026873339282,521770297964840,783277311813867,579014668906758,447190088755551,636585406482060,1023035827836894,934725246667920,490216611117891,565756773562993,710048819133599,906893676114727,487505688053011,578909005579087,648358198633923,619613321508125,647349678734170,620245751444462,633520560116937,533006506834091,496499247151449,664186150382438,708743802593238,532657676868518,750352931765645,517628218371155,614572025342387,481230395342635,603822579749852,596275913837484,792639710867612,575576702573673,598695770261125,496214300508071,648321458630221,786999324762422,618282558299886,735437493250920,659458660848064,551646524962450,694188487374230,1168175713308790,583788841746797,613728765419323,369287173195787,635145539941472,652830498172852,813127132143168,530907790365046,704423609679932,1386242998164034,619943501459900,773893959398030,768281093292529,739662652820981,783977528389366,556647594455413,608193952634023,789951687791409,599723740146829,615147348604283,556948061090734,637088783076421,700356573416307,788254624625644,805104909607221,820732101377325,656745157775922,732042820245846,643239182459252,771140933002356,1077356809047224,658049440977901,568067149975719,1168913653224225,732376543544368,646279572153972,722079674573688,770203949761174,855568481224639,710563349058201,675204889260556,808698605911066,683599758420473,689957174450903,649918371787899,742902575822684,688139757965629,707232436056287,759525014159977,688965724549127,685909934854611,726750680770513,639507462827964,638536016258306,699173033527562,649365158507799,685470268230394,741336899310252,651188698324933,553864371390582,663227290454144,697578300352244,753983241377406,591936214248082,594442297330492,799819130125777,825128484261447,905956409511919,810638805710019,1046988645408051,697818840324654,635437769896083,657837940989382,666724136766731,545455992226297,753812868057077,687821731322752,640127656091988,930610770376900,635043443266769,657802367657429,654663587971125,915363028567551,535451903224961,541477769289036,547164185386842,445688435533936,556109201158485,548668531902481,468496009919558,497012710400540,650811351686891,495481270552421,636248419808934,528906267209742,529364717163585,693782314054901,778538135579005,523717781061005,949780751787888,685336098232068,737690669663231,644164112349202,696571357108395,705340172897834,704957309602694,814853078612993,1052467551518126,750090765088792,720941811336379,620218364741550,948986468530753,892305584198600,781928431901930,775776502516954,779939355433884,861535750607366,688983174528878,764519810308297,829361703823916,845247818901475,858664744226108,894289553996846,819856098106508,771755986249801,724926307599407,733872916704572,817772808314489,615957825162583,628652630559708,813277698763761,918724424885400,939384429486019,640733566017579,672052946218916,681805098576980,759430727480762,615550431868693,885258008231233,755318297891196,762255060530133,779151842173747,750546708367576,1041166779305307,744677362287465,776120665809725,1101569556598119,791418764279786,801237439964368,875594935861542,674344005986612,1129472350473605,785745258179621,756444364443016,814989001921854,998295073590720,646603815426475,735378036548859,728503627236068,773939389358856,877538948998504,915008138584827,876863352399203,920465951372184,740323502719667,760799400671955,771045286313967,775919729159089,669787189772311,840594629358063,768648619885919,782392205177911,754151834668543,764123230337168,808895429193089,751940318221781,857519547663605,763878027027461,709636799118053,942254399189525,690770824337456,788152057932211,715888105158045,925006580912790,1074311162648971,789290771150801,889360144477182,728397660573190,814223285323841,1024789084267137,825852344160799,833047493440939,1025503627528524,667888429956487,864955963582848,772802756131360,792453980832811,838828162861591,797286223682363,836880663055960,618737458203279,734009626675927,682846511792170,919442248132413,1079641775445470,752986971444091,746875405388534,1269576629785013,642267132515898,803321686410072,783906938351171,707759125965926,799842880090677,847460471995566,719699168104824,766609996747045,1129195260488248,1023755807698578,939543252786233,677501088990238,729305547143077,881476521925251,877084752363569,787807817957317,1785890228148912,1075671142504116,791510970920095,738353989569065,774728379264919,843951769009181,842781075792780,890589851011713,771232482946527,789087257827288,752717298130631,899925366742439,774452552623001,821814087886729,879815802086495,877228129011665,1240386642695357,726844090716009,775695799163814,766298430103421,706521326080865,879250602139880,1246368182094489,775180459212963,827165804014399,766881703375332,749184731811608,890936957636225,780814565315107,803346839728295,1190852797643824,815675608494198,926563314071740,684982968229295,826851394041871,779720522088001,966186590108011,834878786571984,1021508067908851,788551084537830,1016848291707560,914317205294001,941399429252318,823039857754361,1336656503059350,744894682235243,715288438529045,831085156948954,793734814017242,836783783045677,771884309535318,807233932666983,944041248986057,775392085850888,758124290910892,842626942460413,751205648268612,712264542161885,669217016465829,804135192973789,867776153276160,894633377256884,916909748362472,1101249209928059,843846635667763,945202575531813,751628668222370,756502754401257,838824149501439,953545714695881,887484357968525,844739925575337,717039908345248,712072108841947,766343270081356,815022671879819,792501787465186,740044049376860,1141952535852292,799038630143677,746895495357800,805616719485585,912479268799322,658665927513816,769819089731555,1320468124666075,905762436136231,1097454666965875,1133923049985585,765480213496092,753159941394264,881967671845726,837012446340635,903589926349292,1640333372674673,909397525768147,713652732009185,912559368784658,886469428058750,775256132513126,824357510935576,774085175962114,890454260991318,709785309058148,652526104783949,720119124691147,668927809809998,915632845138575,778458998855856,937772366256629,1162940720406364,757991007567728,958056384227328,774125765953473,785457408152801,734987329866416,860345863996913,807688265928407,1262173063813216,895857967111387,819533191410402,993760053987332,1024652327564621,1340809449281881,969331796429329,1038377319524708,1092761494086143,961270270568592,884564781572247,854117177950321,1072782702749302,1189267017767534,1228851493808056,1123848970974744,1201387733220652,1269735656385852,1055434427815707,1142567869102232,881266098564753,1144397608917238,907927685896176,922684124420360,866724306681958,877045165649589,920203431333384,935074539846224,813635131989631,835324996487102,859348267417859,949491335070094,783915701626813,863063673711387,893311804019335,1001355106547432,1064499210232787,1103247149690100,998913300123365,983471721666923,1009806662366265,822518367761296,1041629339183432,994983937181237,955490817796772,972753532737083,937839186228350,877426125602473,781072135237867,908914872453525,968354833175994,963332557011212,893420087335265,1088284097848402,10202262654848273,10201362424343057,10203108230267068,10202129063468312,10202574996096250,10203875393124417,10202499063756866,10200466334377385,10200473831364732,4991967532927,4105175483079,10202309751900112,10203519535663398,10205315692124912,10204319639543715,10203730207005919,10206262851759966,10202759693342297,10205309835173550,10207327015121371,10202833176658011,10210358707351393,10206321455101685,10213963985400098,10206493621485562,10205943027240049,10202427063622102,10207463592572008,10205501707645409,10205441764986433,10203820024363241,10203500686859563,10203119378285666,10202794652287158,10206835150376041,10204539830553157,10205638112209202,10204753026799373,10206765866598915,10203613415789518,10153198419434456,10153006068463839,10153242895668329,10152686446475033,10152332718656444,10152504872152253,10152624722801702,
1074540905990744,2016-12-29T23:00:00-0200,180874769037666,179468362462159,1650647198484640,300540423463869,724981901011748,482004151973776,361433834005734,710131629132502,444974328972827,644114475704451,855568481224639,856747187766408,888059197959845,735378036548859,755795704504127,777577605656591,792742950803362,791510970920095,766881703375332,749184731811608,751205648268612,1013063238726977,774125765953473,950618434970831,766750750014206,828330173856000,1001355106547432,976264259052330,10202188254427505,10203416961859131,10205201338936064,10203613415789518,
598370437022792,2016-12-25T13:30:00-0200,180518532382519,181903455559258,165609207168287,284591408579182,1402362106759670,1526622117587112,1484680405111305,346622125502603,578909005579087,819225988194010,855568481224639,757445474354842,792742950803362,939543252786233,791510970920095,807508839319848,744894682235243,751205648268612,946559172061236,1056494254379472,907503955939809,10203416961859131,10205958791751409,10203613415789518,
1317912788270669,2016-12-23T22:00:00-0200,186907541789066,165609207168287,134250546923975,1402362106759670,1411616489161654,1424990284489980,1436034023352517,1583240281935871,1798970600326403,433301933516188,346622125502603,380806122073218,591699067643271,554462804691436,578909005579087,541168702682840,735437493250920,626142204175261,655496827901006,672839889496532,581979565240664,757445474354842,762172207214876,764519810308297,834665816615952,776027812479101,814083481991670,828330173856000,10203416961859131,10202791220294783,10205335134601273,10207675930872100,10203613415789518,
548453368695811,2016-12-22T23:00:00-0200,165609207168287,1474294862863827,378084449055845,433301933516188,346622125502603,444974328972827,578909005579087,621864161280820,735437493250920,855568481224639,1305396576239951,757445474354842,792742950803362,718212928251694,791510970920095,907503955939809,828330173856000,10203416961859131,10205733971054394,10203613415789518,10152123698622831,
1087594601338636,2016-12-17T23:00:00-0200,130132027367090,346673599039448,1382365552091606,1405390826428941,1434056196891384,1376874979275834,245837082288679,346622125502603,591699067643271,855568481224639,694021064045953,715048225260513,715449415212368,834665816615952,791510970920095,789083484490011,944083942319881,941399429252318,870964379628581,751205648268612,758790314168138,808518652526004,985440994822123,864337846931660,938259982870905,821726761190160,907503955939809,828330173856000,1146471232030063,10202651291437373,10206146116924127,10204626739817384,10204812028840291,10203613415789518,
117147432112893,2016-12-16T22:00:00-0200,142915562850191,196776944126942,322397434890203,245055189257037,178111139279571,259855581058293,1464418990550743,1515777028737954,1433950086908091,1636106746672900,1575861062669772,1545657292354190,1472184076361726,1854145624819995,1800924036806526,1778583062366732,312446688959691,364678107044696,416953161805161,527151304117852,314402675384083,591699067643271,382544618554640,647349678734170,624318817701250,531712503626758,735437493250920,731259173658035,855568481224639,757445474354842,799012686863563,891253667635811,1114541738639126,737689076317703,690770824337456,1009362789140377,791510970920095,653883941344469,814985615231626,751205648268612,973707815996350,1008110602536736,
690970857737756,2016-12-15T23:00:00-0200,130132027367090,1474294862863827,365298743630937,591699067643271,855568481224639,950412791735164,1046905445404503,868936273195117,791510970920095,753658678026843,941399429252318,751205648268612,994983937181237,10205335134601273,10205352255146611,10204812028840291,
1821770718038996,2016-12-10T23:00:00-0200,262929774195251,343747806080185,211429582633515,203108606773786,198877403837329,292772174440750,194079920972030,504211536606216,323800291310129,331121187219451,1555924438067396,1411616489161654,1598154653834469,1751402591837287,1823980551204114,1510810972507737,1460773094176838,1555027941411547,1475135786058367,1678762345692504,1668084930089252,1776170472608950,1673557962868245,1590796831143595,270983776425233,300540423463869,472015799645876,412852435561938,474091289432984,392894197546252,346622125502603,673403489476135,344016162413259,527593880720871,591699067643271,554579814688151,530019193808023,535952449880872,382544618554640,579014668906758,764557210346989,621864161280820,614572025342387,603822579749852,602728823191475,912442098885476,573586206101817,819225988194010,692023397579791,649918371787899,1007957262650579,992562264189589,666513023460790,657038344407526,596468733797524,766037243505260,656441261130937,799819130125777,687821731322752,591401140963770,562570953846462,445688435533936,762172207214876,560989397332559,1048331991931333,620801601350916,861535750607366,816458698448135,623453114415348,764519810308297,813277698763761,715449415212368,755318297891196,742100832542683,768648619885919,986324408116891,756850031063525,824520364293945,700195153388711,800580890015451,718212928251694,725296464209589,875745475830366,791510970920095,783203648417340,807508839319848,771232482946527,706521326080865,779360045459349,834878786571984,753658678026843,873049302754190,870964379628581,1053972061325934,751205648268612,762682043787627,1082919038428155,886253001428038,850280395023559,756502754401257,953545714695881,717039908345248,757771697604227,836295393084967,955330121174278,1362038133836483,888272624540583,985440994822123,938259982870905,976216075741418,1369689359725536,763392727016908,767932786562289,816058151749177,873840025969326,1001310449888494,1321982941154258,918499448166878,1178667695482487,1276209069060363,922005581145484,857110814299670,1341673862509876,10201911603470983,10203112713977322,4484887897070,10203416961859131,10203087704506816,10202791220294783,10204251212430912,10204929546301232,10205872591436648,10204565477357531,918655365450,
974502652653744,2016-12-09T22:00:00-0200,191537894671936,355712528202723,125466214490623,1382365552091606,1424990284489980,1462442614006397,245837082288679,397698223747408,718378828308671,603822579749852,531712503626758,695536273909688,661882030606460,609934235799940,637485476366982,709555292482085,918368281594631,800648563363831,771039769656461,813316978755571,665914750160728,663422957073401,792742950803362,718212928251694,791510970920095,1034217646649218,751205648268612,757771697604227,10203613415789518,10153117742184161,
187528455043814,2016-12-08T23:00:00-0200,1484680405111305,245837082288679,382544618554640,585979104836040,757445474354842,791510970920095,751205648268612,1662760833768561,723160131059536,828330173856000,10203416961859131,10205733971054394,
1722101718106424,2016-12-07T23:00:00-0200,311729249184348,1445453529118478,1614266125497356,591699067643271,622859171176430,573156396140191,650781001697123,757445474354842,871645236250685,792742950803362,1316155445127560,744736562268765,791510970920095,751205648268612,1013063238726977,952157614817356,1045527395476401,907503955939809,828330173856000,10203416961859131,10153074111393080,10152123698622831,
941660215968440,2016-12-03T23:00:00-0200,130132027367090,284591408579182,1424990284489980,1614266125497356,252919874902138,300540423463869,382787551890609,633440523468586,557801011030694,444974328972827,621864161280820,614572025342387,529804863817512,733933970062642,556948061090734,637485476366982,691047611009798,780853448664430,791510970920095,838445659549219,751205648268612,906009639454628,712072108841947,736708169711073,828330173856000,10203215204660898,10203416961859131,10204626739817384,10203613415789518,
413392835717955,2016-12-02T22:00:00-0200,284591408579182,205478419811614,162306550789159,150739438603823,1501644026802094,1436034023352517,1614266125497356,1510810972507737,1612472562339804,1580969762153784,1562761180616904,269073473296883,290684407783720,323113751202460,346622125502603,322223237941972,294431660716118,658271697665127,591699067643271,633440523468586,532478240231162,671884739622901,382544618554640,381540828653516,545469802256194,517628218371155,529804863817512,610510275744599,1033200576806645,664576480331749,666345146821527,835539393231000,747458215369578,759962120784465,649918371787899,641141319327520,657102007722640,683564921742108,799012686863563,648572268573999,863648843730822,705221202906803,800648563363831,891253667635811,824983207593445,1078627065557057,891640914254811,732296296855751,663422957073401,792742950803362,782672955143604,758659257542766,875745475830366,791510970920095,742786522457363,814083481991670,791238857608750,807777485950696,872958059427727,751205648268612,1013063238726977,958070264221265,1201181926576272,946268388726739,1360052190675357,10203215204660898,10201117743504771,10200441205629666,10203416961859131,10203613415789518,
1836833776595182,2016-12-01T23:00:00-0200,284591408579182,1614266125497356,1484680405111305,591699067643271,734908946597543,791510970920095,796668863732640,997153573677502,751205648268612,1013063238726977,10203416961859131,10203613415789518,10152544063705426,
230627187358795,2016-11-26T23:00:00-0200,194220281034336,149584732059584,331121187219451,1598154653834469,1614266125497356,1484680405111305,1673557962868245,330868190439407,472015799645876,346622125502603,527593880720871,591699067643271,490216611117891,621864161280820,572430356208130,701497849967788,819225988194010,742902575822684,762172207214876,669632073133345,887576781320002,792742950803362,718212928251694,792501787465186,969428903097652,828330173856000,10203416961859131,10204565477357531,10203613415789518,
332332433818422,2016-11-25T22:00:00-0200,171778603304657,256168114770181,1464418990550743,1494752470849057,1425474544425516,1631910170429637,1614266125497356,1609816695937495,312960645549633,346622125502603,294431660716118,380806122073218,344016162413259,527593880720871,382544618554640,621864161280820,531712503626758,610510275744599,844239589037658,576526325806915,672285612891116,733158893463519,544536035653026,606760899428654,762172207214876,750090765088792,720436171377528,689072524513745,947379138681255,663422957073401,791510970920095,804694572930104,870964379628581,849488241769985,1106449662739865,900350920011613,1042185725824663,889976421043283,1026864204021110,709640795740841,973707815996350,1115865658445704,10203416961859131,10202791220294783,10206262851759966,
327377190981519,2016-11-24T23:00:00-0200,117716985262083,433301933516188,527593880720871,591699067643271,621864161280820,703012536485061,626122370828966,734908946597543,700776393339519,780853448664430,939543252786233,718212928251694,791510970920095,773794716001658,884079988286228,828330173856000,10203416961859131,
1807407856173839,2016-11-19T23:00:00-0200,284591408579182,115497915459722,1598154653834469,637485476366982,631290500305460,551427571623558,914411421964487,835707083152570,890351424311292,976264259052330,
1714987162151238,2016-11-17T23:00:00-0200,346673599039448,395180213979216,444974328972827,445688435533936,762172207214876,791510970920095,751205648268612,828330173856000,10203416961859131,
577512735773465,2016-11-14T23:00:00-0200,253810441688289,284591408579182,1402362106759670,1598154653834469,1614266125497356,433301933516188,404835929665338,458486614293723,621864161280820,529804863817512,949824035122937,705058552926345,948986468530753,844212162339742,1129201470506729,711975748895170,700776393339519,729655753778968,787405764669116,876758622384993,1000514279978626,935074539846224,10203416961859131,10202651291437373,10205469362107184,10203613415789518,10152444331413382,
692196930936512,2016-11-13T14:00:00-0200,213388992369025,480871422284139,1402362106759670,1598154653834469,1614266125497356,1673557962868245,243723412494377,389653487869199,410602419096357,376872695796536,621864161280820,529804863817512,734179673369334,657038344407526,582471358519810,844212162339742,715449415212368,892935720788018,718212928251694,781182468619725,866627976734295,941099655953199,873049302754190,903236649735063,837307529659896,751205648268612,1073769666006240,857143970998906,766750750014206,828330173856000,890351424311292,994983937181237,826724347339691,976264259052330,10203416961859131,10201952376076445,10204565477357531,10203613415789518,10152839578944440,
1183365888414802,2016-11-12T23:00:00-0200,163777074004812,166364670402751,307561616278631,149584732059584,135961326740427,1660909290900255,1473826729604344,1598154653834469,1815189028759180,1459099991022820,1540476962882075,1484680405111305,1722315121319279,498449920365709,243723412494377,472015799645876,636923866454074,621864161280820,581674951961754,613728765419323,703012536485061,780150075436521,700838136698946,694021064045953,947719838675187,649918371787899,626122370828966,697818840324654,727774783994353,757445474354842,771151806316982,648572268573999,694995793928500,813277698763761,1025098117580561,780777025338737,648172878595264,939543252786233,1438034702926759,1253986934664342,933044506756563,751205648268612,718304098224877,799217060133569,734880549898003,836295393084967,747462308632213,730545663648450,808177942549316,885886481442408,928599093834386,828330173856000,864219300266601,869251773094201,10203416961859131,10205132330810905,10203321484976632,10209201931699463,10203613415789518,10152444331413382,
1850256608594954,2016-11-11T22:30:00-0200,1473826729604344,1598154653834469,1614266125497356,243723412494377,312960645549633,346622125502603,445030535659456,621864161280820,661882030606460,585313151586987,685909934854611,620621088040875,648572268573999,873463342748461,844212162339742,1025098117580561,720436171377528,758699644216387,772512406164468,839176206158065,791510970920095,835707083152570,751205648268612,991453037571566,807122879333504,772636506107506,1201181926576272,10203613415789518,
1244935985564488,2016-11-10T23:00:00-0200,253810441688289,353710311694549,163777074004812,1424990284489980,1473826729604344,1598154653834469,1540476962882075,1614266125497356,1780246822201814,243723412494377,362594580585510,477006802477048,346622125502603,591699067643271,621864161280820,783977528389366,1025098117580561,755795704504127,791510970920095,848957175170982,751205648268612,828330173856000,10203613415789518,
958223674284423,2016-11-09T23:00:00-0200,353710311694549,291492007876523,1473826729604344,1598154653834469,1800805623498316,269073473296883,243723412494377,397698223747408,347447202101416,412239512278169,403847419782248,346622125502603,519570131516144,444974328972827,621864161280820,550464071753372,752977584834066,533631493429048,666345146821527,761681793951150,691031917675989,596468733797524,522720087836520,626122370828966,544536035653026,620621088040875,648572268573999,705221202906803,1008351589258880,775823269178049,1025098117580561,737689076317703,718212928251694,791510970920095,956217964443092,684982968229295,924034514321433,751205648268612,1073769666006240,864337846931660,10203416961859131,10203613415789518,
367519393584849,2016-11-06T22:00:00-0200,1447219035596365,1598154653834469,1614266125497356,1673557962868245,331973346987649,433301933516188,346622125502603,310370839123803,591699067643271,621864161280820,664480520346463,783977528389366,690207947765628,819225988194010,1055319664559873,755795704504127,792742950803362,791510970920095,1190852797643824,684982968229295,870964379628581,1077147232338931,938259982870905,10203519535663398,10202651291437373,10203613415789518,
1678505272460237,2016-11-05T23:00:00-0200,203108606773786,217264472016670,326064307733921,1598154653834469,1436034023352517,1614266125497356,1871522926405338,1673557962868245,472015799645876,312960645549633,346622125502603,591699067643271,511055082372362,455646804579624,621864161280820,513363758795153,690207947765628,819225988194010,648610311908496,755795704504127,729655753778968,751205648268612,730545663648450,826724347339691,10203613415789518,
1780507215556974,2016-11-04T22:00:00-0200,213388992369025,1598154653834469,1614266125497356,1673557962868245,498449920365709,369447629916456,346622125502603,658271697665127,673403489476135,591699067643271,455646804579624,638536016258306,786803561429393,621686517932687,485432904890288,529364717163585,623453114415348,720436171377528,728503627236068,700776393339519,768561099884448,791510970920095,709719359085436,751205648268612,702959343091845,712072108841947,888843437818847,1056365767726343,875310542491549,828330173856000,792528880759588,10200184614256095,10203416961859131,10208300472863030,10203393673670878,10203613415789518,10152910504052575,
221937768219918,2016-11-03T23:00:00-0200,253810441688289,1395037124155365,1598154653834469,1614266125497356,336271986579910,367990930055582,688814814639218,346622125502603,591699067643271,455646804579624,819225988194010,736965376391054,755630917844032,791510970920095,684982968229295,751205648268612,702959343091845,792528880759588,10203613415789518,
823488754455180,2016-11-01T22:00:00-0200,355393224882681,203108606773786,295088187561385,304832456569752,273610126356717,307561616278631,286484835033526,1414915318835474,1814592195487108,1444729489114432,1595423734022385,1778583062366732,1896886357202017,243723412494377,369447629916456,364548887065952,285167468336171,450347518472872,466238560213926,318644958301282,346622125502603,437024199790364,721350828011269,511055082372362,487505688053011,633520560116937,601281810005832,1168175713308790,684200101702866,621723647948032,572430356208130,673090266141687,632203846894433,762231980557003,1007957262650579,740512156060981,657038344407526,505637842872831,548206981948965,468496009919558,898131316955077,495481270552421,528906267209742,680906542008152,646854745407482,726628174096606,733872916704572,663564803734784,1086924694728315,728503627236068,792742950803362,834523403286616,791510970920095,790345014369160,771232482946527,706521326080865,765337573530538,766881703375332,1190852797643824,733351156723919,836783783045677,751205648268612,799217060133569,857143970998906,848020365237392,762690633766154,806034059430334,887887757907766,1200633936629391,913344972021207,828330173856000,986977867983108,887556481258235,826724347339691,10201768865583353,10203416961859131,10205756573507604,10202651291437373,10202970726699673,10208356383896539,10204626739817384,10204565477357531,10204213777042045,10203613415789518,10152444331413382,
1819480018310309,2016-10-29T23:00:00-0200,180874769037666,203108606773786,182328368790634,1455903928047251,1595423734022385,1965360697024056,1778583062366732,1757261977830105,1574252659453690,269073473296883,243723412494377,450347518472872,490101101157663,398592076973519,346622125502603,591699067643271,511055082372362,741921149284098,710048819133599,507682962694597,648321458630221,783977528389366,703012536485061,572430356208130,712014995573997,879382638833560,654663587971125,548206981948965,551427571623558,715048225260513,753885734707140,1129201470506729,1055319664559873,854757107949271,938034556277080,832354330173726,790345014369160,706521326080865,836783783045677,751205648268612,873359769371649,806034059430334,828330173856000,1001310449888494,994983937181237,901852446493370,828726733805258,10201768865583353,10203416961859131,10205872591436648,10203315457149145,10203613415789518,10154669932665506,
546531935547461,2016-10-27T23:00:00-0200,1722315121319279,243723412494377,433301933516188,346622125502603,364291460385802,775052559283016,791510970920095,751205648268612,730545663648450,828330173856000,10204565477357531,10203613415789518,
1852011545078378,2016-10-23T14:00:00-0200,246038879177597,181534725601803,163777074004812,213388992369025,1490445794616782,1473826729604344,1602672783380788,1444729489114432,1595423734022385,498449920365709,369805083180168,341345042690344,530019193808023,498758966925269,562523803882098,637485476366982,740512156060981,692374154203972,711052882326049,631328856964936,1008351589258880,795510470540506,786923524728983,622532811163469,774948935921239,754454017969850,792742950803362,697889713621285,939543252786233,782564575146812,908036192598456,819505091450165,773705729358141,870964379628581,763157877074032,772636506107506,866910446675652,828330173856000,920203431333384,952300454788420,10203613415789518,10153170492268474,
210632616015321,2016-10-22T23:00:00-0200,361258104242566,1767997103529590,1823980551204114,1951940005030626,1720846458129783,362474633962389,346622125502603,530019193808023,546643085476731,553787531422350,612797198852934,783977528389366,822573911190963,740512156060981,664883783620949,700089336764614,727774783994353,640426942727910,603380159765103,538338336268063,711052882326049,693072624122388,861535750607366,1008351589258880,688983174528878,720436171377528,728503627236068,760799400671955,773124969436234,856821954396658,791510970920095,790345014369160,782564575146812,706521326080865,870964379628581,751205648268612,866910446675652,804295996269074,828330173856000,920203431333384,10206741790417428,10204626739817384,10204803247259071,10203613415789518,
1233118940084218,2016-10-20T23:00:00-0200,203108606773786,346622125502603,740512156060981,700089336764614,760799400671955,752707901480834,792742950803362,791510970920095,870964379628581,828330173856000,10206390311179453,10203613415789518,
681118602036645,2016-10-15T23:00:00-0300,193599601082592,243687406033252,251307275263143,307561616278631,117716985262083,1623122687973493,1631380397108528,1484680405111305,1526368260927306,1805874886293512,1592886707591768,243723412494377,296000760591849,342412559280035,346622125502603,562705470534026,633520560116937,621864161280820,614572025342387,741377009322674,1168175713308790,573156396140191,637485476366982,992562264189589,626122370828966,729411400497664,548206981948965,861535750607366,715449415212368,728503627236068,707403626005504,707759125965926,658452397560761,791510970920095,733351156723919,745434948846375,766343270081356,836295393084967,803399099702236,938259982870905,887887757907766,994983937181237,10205734387071764,10201752154478422,10204457041134374,10204819721635910,10205638112209202,10204113865741651,10203613415789518,
1113823032028749,2016-10-13T23:00:00-0300,335327910248379,1636106746672900,268358420029998,433301933516188,346622125502603,389786967835542,529622540517509,775052559283016,819225988194010,791510970920095,
696183067208679,2016-10-11T23:00:00-0300,211753642610614,1424990284489980,1702660836622508,346622125502603,395180213979216,484811098346784,346404192178418,468560109957435,599987493480920,610951035708006,633520560116937,621864161280820,617213865065322,740512156060981,596468733797524,861535750607366,730466927044186,715449415212368,786923524728983,804994982920779,715888105158045,705479076195099,799842880090677,753658678026843,751205648268612,772636506107506,826724347339691,10204565477357531,10152444331413382,10153079647975395,
969928696450549,2016-10-09T14:00:00-0300,154700804985910,338640539806898,1450261448582957,1518590028381978,1595423734022385,1624381247782239,498449920365709,243723412494377,433301933516188,374582126039061,404835929665338,458486614293723,468026873339282,610951035708006,614572025342387,631904076937577,819225988194010,742902575822684,687821731322752,623453114415348,726628174096606,901930073230084,804994982920779,825940827484322,804829186261675,815810351828752,780787358647336,751205648268612,944116365616933,1127819843898430,10202817873246133,10205249340167504,10203613415789518,
162026840915353,2016-10-08T22:00:00-0300,116366745498811,116054572195575,109804006153648,133926807074487,181132065686961,132930560505150,128802254250962,138062736657685,138551266607368,140607389734939,321400478322169,139049919890337,332600550535264,162040870924236,132853943842810,106847203110028,351915218602479,147067679087023,153093158483560,135433113582819,344022839390124,139514423174083,139842476474506,153092275149235,121407988317636,139438956514209,142220849569215,138403803283906,155454331577868,159239157865492,164083704047696,149342425521341,144188406034512,168460293606928,211753642610614,168547423582678,129360567497141,168528750243738,196104804152156,170381750055570,129508977476113,146099519150292,182684342157458,204040993354708,355393224882681,161501504271600,172704426484365,191997454550674,163549657394276,196485710766883,171391596603529,159811597759962,174905842916629,182163552189289,166482603756895,155618451509867,241277689605243,242110402854763,225366641194717,154546588274280,190154008044751,279775242415440,254341058291973,295035654221766,295313900860405,579320515792207,112241702499729,237563756633676,142762122779953,154896758233079,223756538013252,239196319801998,299619237092715,373364513051470,315896508798040,240444799674162,246129195769906,168982383483588,229013330812875,274394486274360,298040643908128,178492159195367,319163638460567,213388992369025,275977492776772,212464935793969,180061152366094,147949245577074,314505862254331,181279398910150,277806255923473,141486879554376,174558759578292,282891165411638,162320350801983,152688451764198,190230521343159,292855711080112,313113892386369,322152994815553,523573194660450,153425198336407,305905593087538,331611040514651,265303303809636,263798020624931,1560956747562667,1693419644313970,1397534380568799,1483067338681560,1672875569697967,1663776147273898,1598154653834469,1608875179428447,1479172842396114,1408007922845482,1643705899274059,1574841056157997,1536742889966892,1459539171017326,1572110129759887,1415976995372969,1417174188576990,1405213886437787,1482765185349190,1586820094940459,1588560614766178,1513064205649004,1606806079601594,1663416093930082,1720706278193560,1697785127151732,1699908876930774,1762539737333080,1528919054027648,1578993435686856,1664414830477925,1510881142495747,1627649574150122,1789152517998899,1538031353105065,1525608867678585,1761209430784030,1678195032417026,1554180294817208,1830092480559205,1805129416382005,1787038508189326,1924088774484234,1743323455893612,2114288648796598,1928245934067183,2012722785619041,2159282434296289,1577252522498369,1575293919360317,1635262810030000,1753980298158023,1689032854651247,1794452330775844,1654604454760631,1768125483406792,1603183259897657,1554220914792376,1657090314504959,1825179914361674,1572197296326135,1663302527214923,485836851625080,537121926496390,325529304319243,305467266325328,501984303340271,325011127702310,388684511332104,320661331463067,436827666512509,450150781846361,475355022658463,454125771446134,302537256604598,421386681382284,344069432447210,581038008750129,289709387881337,429572447228235,491200041064295,413898898793961,439079139606247,346776612169354,577070235805615,648331782010267,422046504638380,601041713404925,357170931122933,446137725559507,568225183349922,443526015819134,623497984486501,337796946389742,526618330840900,623745167791474,346622125502603,329257253903880,581113525383026,599408990219869,480966292063232,458469917645948,472278952930685,588348464656668,488670661290016,538313889657473,680422072113189,530811120402490,404835929665338,671430716338824,420155961465586,758748747605154,923990111080193,984811141664457,700792500062589,1841086349366081,506496236156635,514413118698251,660032234136116,713465912125023,493654957438041,656157511187422,670847283051568,819851664817738,590626981073181,633520560116937,566965336771857,751706044962241,524465901019158,549360535195918,512036918928106,509565052508447,572499899547489,704630962998783,882387225222993,680158225443021,428655310593029,653633561425870,810729962381149,727377614049533,928688780584515,910696325716974,693943507390869,1082562971861224,745517515564502,715203168594184,1062720517175146,622713494509105,699542190159541,1032439736868632,763825463728747,633465506763984,632440890198030,626122370828966,639200309518295,542397615863941,693072624122388,595732080522681,869883576439946,702517673176016,834648466626818,756955631062362,786254058128296,804994982920779,873680459383071,1114713498610783,917676821644315,777563365653131,782564575146812,970418793024721,706521326080865,685180144879190,1190852797643824,944083942319881,1127355217322789,890507264340188,929218980468975,756502754401257,1043455385699187,976797009031556,845234885520747,796141533750024,970506546308673,832305933459085,875310542491549,10201660626797871,10202500415666576,10203613415789518,10152444331413382,
1790103271269913,2016-10-06T23:00:00-0300,1636106746672900,1662294007334905,433301933516188,610951035708006,1008351589258880,751205648268612,828330173856000,10202791220294783,
375271376194692,2016-10-01T23:00:00-0300,229288547489065,257032641357554,148702118801346,1589526741319988,346622125502603,382544618554640,478772482263692,653633561425870,573156396140191,663443153764296,647556765347786,697469583678393,857471974343004,801237439964368,732296296855751,715888105158045,791510970920095,685180144879190,859140110800647,931473133563793,804295996269074,993633823997237,828330173856000,988022251214888,10201768865583353,10202188254427505,4991967532927,10205249340167504,
1670314596618149,2016-09-29T23:00:00-0300,180518532382519,1449450425357659,1592384247682762,597154827127757,553610311422585,474666709300095,791510970920095,1190852797643824,1013063238726977,10203613415789518,
565084267011156,2016-09-24T22:00:00-0300,110579249395294,358766724564745,199806700399347,307561616278631,1506612156326373,1598154653834469,1730519000559111,1565463337059471,1659405287663259,1638303986423260,259713264238486,342446542626688,243723412494377,310581215808205,509792399195038,416953161805161,346622125502603,625555270930902,512958212186015,389786967835542,455550351258538,778485648963794,638785502933385,676977709100514,1088043411325223,594419307346194,678162638968535,855266411257892,819225988194010,942806622500452,684186485027964,726750680770513,759484904160101,626122370828966,727957413968857,777901765640341,857738624322190,1046905445404503,864116337015046,663564803734784,746309328792624,701092953310191,848622428556146,700776393339519,771348579615363,756850031063525,791518850929662,771820802897546,829139003832001,740978152647092,792742950803362,609304579146960,939543252786233,941099655953199,751205648268612,756502754401257,712072108841947,1013912221986481,772636506107506,771920822845395,972911646075560,775728039125149,980698661956792,1200633936629391,1138044812887745,828330173856000,896977620323914,781822308505544,1031210796898567,952300454788420,967360889945670,965104293499794,10201946937872545,10206093274029198,10204753026799373,10203613415789518,10152492171392476,10152444331413382,10152898094082476,
579353715570722,2016-09-22T23:00:00-0300,1636106746672900,1484680405111305,243723412494377,319614151546585,346622125502603,355875367900020,530019193808023,612797198852934,706534709463756,714535138652275,474666709300095,888059197959845,663564803734784,700776393339519,755795704504127,771348579615363,917958994950503,791510970920095,748670158534498,951792624880390,751205648268612,920259404690976,808518652526004,804295996269074,828330173856000,
577830785758161,2016-09-17T23:00:00-0300,211753642610614,284591408579182,1431848733791039,1494593597491188,1694978707451499,1626644404250748,1562761180616904,1560873677470692,1635262810030000,243723412494377,346622125502603,506481886164821,501685193301801,612797198852934,509565052508447,659458660848064,533631493429048,366210143503915,719619471490677,789867107795685,632443840202626,653118514799531,663078480454617,758283500929465,755795704504127,771348579615363,847488325331547,715888105158045,939543252786233,791510970920095,949802845082747,684982968229295,751205648268612,953545714695881,838015479580941,836295393084967,804295996269074,828330173856000,10200313024063982,10203935476579977,10202854947485963,10203613415789518,10153117742184161,10152444331413382,
1031772260269151,2016-09-15T23:00:00-0300,292359721117918,268358420029998,433301933516188,346622125502603,531083973708426,511055082372362,637378686373606,832171283547640,1008351589258880,804205049663734,771348579615363,756850031063525,791510970920095,870964379628581,715166348526075,1013063238726977,828330173856000,
272532146466401,2016-09-10T23:00:00-0300,253900175040248,199590533798691,224760231281623,129654797436018,256168114770181,322397344811580,159625181086773,284049235305565,213388992369025,145875125781003,228552807510445,180252169000587,214346695585890,292359721117918,149584732059584,151966708485188,1402362106759670,1471110643214729,1486092475046247,1418337421819613,1433414016975700,1598154653834469,1498443083801937,1432652047038747,1507112749585927,1544884089141799,1502613073355355,1628731594073452,1586591021599982,1609644319277375,1662815890620423,1523046421261777,1747923605439843,1701256510104805,1562761180616904,1830319907193576,1473736072844157,254288178115036,326015440937604,387465414787568,243723412494377,365528006975554,278020602392068,553294094859731,331973346987649,409725145876393,457236477790803,392439370936776,368543596659107,401529793354179,330757640431228,346622125502603,295858290578429,563240393840105,376026519217364,756086464542582,531083973708426,508901805924272,389786967835542,667365673407285,509032205906844,479719968837137,382544618554640,464698810337818,477337682405197,452238984914111,509565052508447,1088043411325223,741053312689476,964519067009498,697041493755714,733765330079570,530907790365046,703012536485061,629448523840334,855266411257892,864885580295280,742059002575809,675204889260556,607971672648903,992562264189589,545516348893909,724313081010998,702090876565158,544536035653026,672272519545883,640900426015963,534769106628577,614839808620736,564684630302201,731399543629674,650215435079381,771743316259421,1146632928769657,894775687285496,1035384896556740,1046905445404503,675518919208908,1129201470506729,864116337015046,895909707168665,684141495010744,753843168038215,696485843773574,720436171377528,804994982920779,732296296855751,845298795555446,770480549703487,736161829801010,771348579615363,722592577823367,756850031063525,874720622607872,792742950803362,728450703897769,700092530066349,888731857866484,791510970920095,1033796993355335,705005346234499,749184731811608,933044506756563,873049302754190,917171948340905,1149642931760093,820872481303520,751205648268612,756502754401257,920259404690976,821077057941314,850269695021460,1029708997068834,804295996269074,1072213466137777,858927160799139,875310542491549,828330173856000,932311703456418,776554949030420,791720900845862,1141150725901386,997286843615858,10201936339250660,10202188254427505,10201331337243747,10202825411707960,10203337573710656,10204830757437020,10205775375811879,10203350932761494,10202553411501229,10203597148710931,10203911771015146,10202897941746611,10204753026799373,10203613415789518,10153827959989857,10153335513734363,
874610926006772,2016-09-08T22:00:00-0300,389653487869199,1190852797643824,751205648268612,
546781342196279,2016-09-07T14:00:00-0300,125219397848719,286484835033526,1627967857495840,374129159464869,637275259781736,575763175908393,404835929665338,573156396140191,855266411257892,819225988194010,583450765104399,771743316259421,757445474354842,1008351589258880,1055319664559873,804994982920779,748174161936142,771925349550467,987469967983125,1190852797643824,751205648268612,819457061442191,821278857915093,730545663648450,1666754313349259,766750750014206,781822308505544,976159822395628,10202651291437373,10204847849388656,10204626739817384,10203597148710931,10203699040176496,10203613415789518,10154669932665506,
1746950618890907,2016-09-06T22:00:00-0300,175414566208094,343884569333380,213388992369025,115497915459722,1418337421819613,1598154653834469,1406733722963329,1659405287663259,1595423734022385,1839568522941165,1673557962868245,1722315121319279,395286860651844,407060526132874,346622125502603,575763175908393,404835929665338,364291460385802,389786967835542,511055082372362,487505688053011,614572025342387,1088043411325223,325111040947544,855266411257892,697984810316642,648472571933980,798992506874224,672272519545883,687821731322752,614839808620736,548206981948965,495481270552421,549713938461474,1046905445404503,1055319664559873,820120994744480,728503627236068,845298795555446,663422957073401,792742950803362,697889713621285,712459538830468,791510970920095,908036192598456,699571116774591,720768234654242,815088171883620,870964379628581,751205648268612,1170203076368652,793693360683677,763607683689595,766343270081356,912479268799322,916706578367570,804295996269074,836536506375134,828330173856000,890654777620796,4852526649020,4866362833813,10204565477357531,10203613415789518,10152492171392476,
1804113176541749,2016-09-03T23:00:00-0300,167605990360490,178270765953457,211577615953468,385521905222153,236946896721055,159625181086773,158373174516716,292359721117918,349691328715596,314037218939433,222899148051353,1418337421819613,1598154653834469,1545383042410363,1498713543740413,1450261448582957,1573540509569828,1550384301879767,1595423734022385,243723412494377,330868190439407,300540423463869,365833356932870,416953161805161,527151304117852,647713595365834,665384026928298,518535001610434,714376635355933,819225988194010,664883783620949,626122370828966,640127656091988,720244724745391,623615664405304,755795704504127,609304579146960,791510970920095,748670158534498,801044413293554,751205648268612,756502754401257,762690633766154,1075726212457039,828330173856000,952300454788420,10203613415789518,10152444331413382,
963329917145859,2016-09-01T23:00:00-0300,167605990360490,199806700399347,303115496728585,349691328715596,314037218939433,1418337421819613,1556274217928401,243723412494377,348861711965655,530019193808023,530907790365046,777954245656357,606760899428654,1046905445404503,756850031063525,753470751398319,792742950803362,791510970920095,751205648268612,702959343091845,762690633766154,10202933365167552,10203761986832433,10203613415789518,
605566272938222,2016-08-27T23:00:00-0300,246038879177597,154686091643448,281922655523665,1461388307511668,1498302153802072,1450261448582957,1800805623498316,243723412494377,331114940417466,433301933516188,393186350853995,506481886164821,530019193808023,648321458630221,573156396140191,797555340362882,657038344407526,1045551892218332,631328856964936,864116337015046,736965376391054,804994982920779,771348579615363,791510970920095,879250602139880,866627976734295,751205648268612,756502754401257,851992834838719,10203613415789518,10152444331413382,
1780464102239426,2016-08-25T19:00:00-0300,172117316522269,350732331797773,243723412494377,346622125502603,814013388759078,404763716347303,404835929665338,625599534246016,881859288597040,700089336764614,935774109847574,752707901480834,771348579615363,709636799118053,892935720788018,791510970920095,782485141808680,751205648268612,828330173856000,10203108230267068,10203613415789518,10153074111393080,
1106867429383339,2016-08-20T23:00:00-0300,365101183921056,174559772973978,327516110974157,352027148520421,297854987260490,284591408579182,125219397848719,171256366575176,132399587118611,292359721117918,125075954509355,141486152865984,115497915459722,1461388307511668,1741026749534253,1524323471191936,1443044882631160,1542913832633842,1616928158564746,1615138908733968,1484680405111305,1635393283370188,1627778247458307,1473736072844157,264956527045953,563010880568339,243723412494377,424035184437608,527151304117852,346622125502603,423644337789437,350294685122553,529597447186958,519318734879926,894506764019775,665209933612593,665384026928298,556170464510610,573156396140191,832163083569002,637485476366982,726750680770513,605136386258688,445688435533936,549713938461474,628980193866585,631328856964936,1046905445404503,705210396239034,825348890884724,714245295318023,705625966179887,791510970920095,660735490663633,763462570385058,1190852797643824,1115080115216926,1089907981066873,835707083152570,751205648268612,819457061442191,756502754401257,766343270081356,836295393084967,821278857915093,817810118257526,822755801094908,950618434970831,804295996269074,1068796903146198,828330173856000,864219300266601,781822308505544,1412382618781191,952300454788420,1217218794962427,859508740727229,10200466334377385,10206390311179453,10203761986832433,10203613415789518,
654871564681257,2016-08-18T22:00:00-0300,303115496728585,1598154653834469,1445758995719518,243723412494377,407060526132874,423644337789437,404835929665338,734179673369334,832163083569002,819225988194010,664883783620949,697943136968019,895909707168665,1055319664559873,792742950803362,828738590522330,835707083152570,751205648268612,819457061442191,756502754401257,928710453840077,1013063238726977,828330173856000,936496823033768,828726733805258,10201654253518543,10211272688640018,10203613415789518,10153074111393080,
1638319973148737,2016-08-15T06:00:00-0300,203108606773786,129654797436018,213388992369025,140699949637411,1747923605439843,498449920365709,431029977102415,290684407783720,320943078080473,355875367900020,423644337789437,633520560116937,614846118638675,819225988194010,575322539247619,700089336764614,1008351589258880,831814176907666,736965376391054,756850031063525,792742950803362,791510970920095,751205648268612,756502754401257,785922368110840,1144776482222752,804295996269074,828330173856000,856633287691329,946599178685796,4847729368350,10203519535663398,10153926170447183,10152898094082476,
1044278038954624,2016-08-13T23:00:00-0300,154686091643448,188951811525485,157351431340691,213629052355451,346673599039448,136994803333312,311729249184348,1461388307511668,1484923665135489,1636106746672900,1632721063670678,1450261448582957,1529912693946800,1540821839514589,1468751736695108,1562761180616904,1473736072844157,1574252659453690,243723412494377,389039444629151,284903578372016,320943078080473,319614151546585,346622125502603,423644337789437,721039281375378,633520560116937,563984720403744,614572025342387,509565052508447,631476643647917,714376635355933,734179673369334,608193952634023,703012536485061,572430356208130,819225988194010,575058749276002,691031917675989,657038344407526,605260722913693,630946897009251,572622249506607,578880678879617,623615664405304,757445474354842,833908710033993,803474146400961,809511229128840,812335495512077,792742950803362,803321686410072,964303840310207,780787358647336,835707083152570,751205648268612,819457061442191,756502754401257,950618434970831,872983279397334,1015473645147818,1201181926576272,934031303287582,766750750014206,1217218794962427,929405273737672,928458900497838,4991967532927,10201952376076445,10203613415789518,
705401709597922,2016-08-11T22:00:00-0300,154686091643448,157351431340691,331121187219451,1635262810030000,320943078080473,346622125502603,423644337789437,530907790365046,774119309344473,647578121991505,792742950803362,803321686410072,852850248112896,698377180223860,760400784018262,751205648268612,1042185725824663,10203613415789518,10152444331413382,
1265478436795740,2016-08-06T23:00:00-0300,165017943907530,323492658040836,223485268039272,162234567485694,284591408579182,293636644334651,311729249184348,142417386107241,173707836309933,1439933529664431,1424990284489980,1453016951673658,1456587204613102,1484680405111305,1639243789639569,1473736072844157,290165621191320,269073473296883,243723412494377,442283022628976,296928567163239,409453945910487,290684407783720,451040865080388,304015449780673,407060526132874,346622125502603,636923866454074,566981163444863,489238311215051,542348109235510,633520560116937,529745670492590,869978053135982,488796074587368,631904076937577,819225988194010,607971672648903,545516348893909,680487358728022,782438991864599,691115634328671,672272519545883,445688435533936,723796357718855,711052882326049,643265082436185,736018939827279,867140493371556,809511229128840,816482645097417,815610278517747,792742950803362,1316155445127560,716690648406048,800182383390153,889310467810384,910319209040527,783403825064737,781182468619725,791510970920095,754107007990097,1253658484700321,786505234748194,720768234654242,1190852797643824,684982968229295,836125713112926,837307529659896,740609129329484,751205648268612,1077147232338931,756502754401257,791534670896757,803945562988681,859324017446393,955719647800928,762434410458977,762690633766154,1300750669958872,1002682803097940,950618434970831,864337846931660,804295996269074,758672777497775,871091579587537,895714233789541,1068796903146198,812863412071028,828330173856000,920203431333384,937889419564202,1217218794962427,10200350604005012,10204000614607823,10204218141165344,10203965250082583,10203514967904787,10206808673681195,10206848394307635,10203859268259717,10203613415789518,10204924296400562,10152898094082476,
168254140251404,2016-08-04T22:00:00-0300,188951811525485,1484680405111305,1662815890620423,243723412494377,547295388755151,819225988194010,583215685121601,700089336764614,727774783994353,894712050623261,715449415212368,814989001921854,695053290578889,792742950803362,718212928251694,791510970920095,860635323998830,855030944554301,750582298332436,751205648268612,1077147232338931,821077057941314,762434410458977,10152444331413382,
992614557504290,2016-07-31T07:00:00-0300,1811633725773423,1581751452048521,243723412494377,433301933516188,665368940248709,712869055493278,664883783620949,518685068236876,864116337015046,780889421979895,753658678026843,1223528654372364,751205648268612,756502754401257,10203519535663398,
313595035651699,2016-07-30T23:00:00-0300,165017943907530,292359721117918,1673557962868245,243723412494377,290684407783720,407060526132874,764629246990521,664883783620949,850416655066539,700089336764614,649914398440788,781817488580090,1055319664559873,772067419549211,804205049663734,773705729358141,751205648268612,824797200900461,856633287691329,921177814559881,10203519535663398,10203613415789518,10152444331413382,
1137144423027921,2016-07-28T22:00:00-0300,125219397848719,1461388307511668,243723412494377,468450459994727,407060526132874,346622125502603,404835929665338,573156396140191,734179673369334,833937233389582,1079450302162616,753812868057077,867140493371556,1190852797643824,751205648268612,756502754401257,1502644926427938,828330173856000,1039061576111316,10204565477357531,
639347386222935,2016-07-24T21:00:00-0300,1484680405111305,1468751736695108,1575786682648507,633520560116937,614572025342387,585925464862969,700089336764614,445688435533936,468496009919558,864116337015046,828439190573788,929637833787021,792742950803362,791510970920095,835707083152570,781822308505544,890351424311292,808587235820727,10203337203536747,10152444331413382,
1656066898053726,2016-07-23T23:00:00-0300,184187625333713,459337491132495,319013645140954,1450261448582957,1595423734022385,1575786682648507,1708359202724341,1673557962868245,1635262810030000,320943078080473,346622125502603,633520560116937,614572025342387,620613771401572,573156396140191,583450765104399,664883783620949,712014995573997,700089336764614,637579369680618,727774783994353,687821731322752,715449415212368,821602831257671,697889713621285,790345014369160,1190852797643824,777497495645128,740609129329484,835707083152570,764671516920639,766750750014206,828330173856000,994983937181237,825303127481878,10203613415789518,10152444331413382,
294277717592192,2016-07-21T22:00:00-0300,278301889035640,320943078080473,597037523750894,680487358728022,700089336764614,752707901480834,791510970920095,1190852797643824,751205648268612,772960572754304,807780792594766,828330173856000,10203337203536747,
1224269294259543,2016-07-17T20:00:00-0300,292359721117918,1424990284489980,1400677230245751,1484680405111305,1758994204337248,862776670557150,633520560116937,734179673369334,1008351589258880,786923524728983,708504789235129,809511229128840,792742950803362,835707083152570,751205648268612,743975728983845,952300454788420,828726733805258,10204626739817384,10203613415789518,10152444331413382,
1008920492518539,2016-07-17T14:00:00-0300,284591408579182,292359721117918,239047996435626,1649139735400575,514656435354043,968012306671970,513184452136956,664883783620949,803210579764589,706521326080865,749184731811608,876758622384993,760400784018262,639839066072028,772960572754304,712072108841947,976264259052330,10203519535663398,10209168629764258,10152574263817886,
1743977259181474,2016-07-16T22:00:00-0300,1635262810030000,498449920365709,406250112895066,320943078080473,633520560116937,775052559283016,967690746680787,657038344407526,933044506756563,835707083152570,751205648268612,772960572754304,766750750014206,10206146116924127,10203613415789518,10152444331413382,
266217023757272,2016-07-15T22:00:00-0300,157897011278920,1642039149357494,406250112895066,346622125502603,615551935258217,593544970781520,513156512148810,530907790365046,762882620499555,942806622500452,817509005023075,778538135579005,823627217732823,715449415212368,771893116222196,751205648268612,772960572754304,765480213496092,843812072325242,799081173464111,775728039125149,909683689059293,828330173856000,10204626739817384,10203613415789518,
1704811449784982,2016-07-14T22:00:00-0300,292359721117918,1424990284489980,1510810972507737,1635262810030000,1511980449020153,287470964792064,380225962176884,472015799645876,320943078080473,407060526132874,511055082372362,530019193808023,679607475511054,660388554095587,679003168898841,775052559283016,606879936099022,839832292796240,802586076520295,657038344407526,1079450302162616,648610311908496,445688435533936,468496009919558,864116337015046,752707901480834,633505603392227,791510970920095,798418343557152,828738590522330,684982968229295,929425003783652,835707083152570,807580769298458,751205648268612,819457061442191,772960572754304,920259404690976,933435760004217,1074437342566546,4854200530798,10203519535663398,10204603249148862,10204565477357531,10203613415789518,10152444331413382,
521344048057222,2016-07-14T22:00:00-0300,220440835021958,320943078080473,346622125502603,445688435533936,541338815967852,772846812799375,769498246440417,751205648268612,828330173856000,10205114307957965,10203613415789518,10152123698622831,
1646808635629867,2016-07-09T23:00:00-0300,179062969194723,267968983627691,136628580015051,1424990284489980,1462440014075260,1515592115424331,1485201211794548,1405545216405417,1601738950109742,1636106746672900,1410282255914100,1758994204337248,1584030725148875,386123734916512,308568636002735,486098774915143,270983776425233,406250112895066,297961147055514,725859964257868,320943078080473,346622125502603,810852782389001,566007003539074,763577230446322,496499247151449,805083712955905,716117651851377,879092578885076,530907790365046,745374848917132,677065452414679,926451450808535,1144864065633078,855266411257892,564262673691259,706534709463756,787813937999533,686594194787642,999645766815046,691031917675989,747275722046418,535798166526393,468496009919558,585289641573272,607629832672150,735540806546657,801265903305025,953113264786778,709821845780549,857738624322190,609574219136431,1055319664559873,663564803734784,707894269300787,766752886747357,876934419061732,786923524728983,1045259575560529,652846438135134,645489385532571,759985194082980,909374639143758,771893116222196,792742950803362,784870728255900,1065186353557375,820295038045333,798418343557152,685180144879190,696054547124341,1190852797643824,684982968229295,733351156723919,751205648268612,684988164888649,756502754401257,822825464434396,1126117867438360,861829843863906,941557372557429,1199327726778642,963466447031090,764543550248324,762434410458977,762690633766154,1156170637749976,989760764390681,775728039125149,1029440257081860,791916794165826,997394406948370,719302248090859,920203431333384,1001310449888494,789230644428737,886179314729099,821558494523131,905220879490188,921177814559881,10201839817030895,10204100798153124,10202933365167552,10204922930101275,10205590166298567,10210047673890952,10206253753044520,10206802239915078,10203613415789518,10152683998221532,
125946731169362,2016-07-07T22:00:00-0300,185867331837281,292359721117918,1573540509569828,407060526132874,346404192178418,425379364272048,648321458630221,703012536485061,855266411257892,564262673691259,942806622500452,562286780551958,614795301966948,721637687943653,627529247350628,752707901480834,892935720788018,795491507195089,791510970920095,751205648268612,978837515494906,828330173856000,786467088041475,10205201338936064,10202141376036504,10203613415789518,10152444331413382,
1779244785640516,2016-07-02T23:00:00-0300,1447219035596365,1725015837745845,1581751452048521,406250112895066,346622125502603,296020960553301,346404192178418,692089980942961,442867165863057,615551935258217,444974328972827,664186150382438,612797198852934,648321458630221,703012536485061,564262673691259,706534709463756,569648593137037,530258827075474,594056890690128,708504789235129,728397660573190,771893116222196,792742950803362,727306217345308,751205648268612,845661225485707,756502754401257,730545663648450,841144279253766,1443926395636789,920203431333384,789230644428737,976315279051736,10203267930179077,10205738795534273,10203613415789518,10153074111393080,
858468200952386,2016-06-30T23:00:00-0300,386123734916512,406250112895066,320943078080473,346622125502603,346404192178418,648321458630221,545832178875553,727235624063831,1025420967574211,588585487918983,664883783620949,663564803734784,715449415212368,718354754915316,792742950803362,791510970920095,835707083152570,751205648268612,920259404690976,828330173856000,10209039016626682,10203613415789518,10152444331413382,
157121464702014,2016-06-23T23:30:00-0300,292359721117918,1450261448582957,1573540509569828,1484680405111305,1850219848542425,1581751452048521,320943078080473,520397094769935,679003168898841,533631493429048,573156396140191,564262673691259,740512156060981,715449415212368,752707901480834,791510970920095,765337573530538,749184731811608,828738590522330,750582298332436,751205648268612,772960572754304,828330173856000,952300454788420,890351424311292,10153926170447183,
