1937545766508203,2017-09-08T21:00:00-0300,1422324934736271,1582995308644163,541348352682044,510748539065984,647628798707863,628507123916237,886317658122322,830382180378497,850641561681632,968649583214073,981490761918436,797932806939126,737248833006918,960511237346160,749184731811608,857005731028165,758077080904092,790530180987189,934070809958862,1221107047910599,1105273592822389,1039615729382125,4820892898279,10203683090512523,10205751818374131,10205559277679283,10154154989287701,10152711372711576,
308415159625545,2017-09-02T21:00:00-0300,245264012627343,264091294011097,348521345501335,1504471353152810,497272273750133,510748539065984,697372297064914,635192849926201,898612016898925,748131845278720,840978435972958,906488092752307,777151232351847,749184731811608,934310956625208,1416662858386318,910004545718572,746447662073432,977289818979494,974169692616524,957992224229622,871413592878594,1494382327242905,1017559421588967,10205439453585685,10200147628451642,10206919062289985,10206223926106563,10209957662600217,10205393617661329,10152967914796297,
1466580196766453,2017-08-12T21:00:00-0300,163317707582716,245264012627343,1657415561250891,1635262993398897,1502959873290180,1753441741546945,1665605016996235,900259586774613,563669537093693,678365268947399,748131845278720,900076426744186,743238645758051,657986707613209,752995788105999,848338538571564,720469904688528,829852297080699,749184731811608,793248384071742,773458769383410,1132354686803727,920971627941286,852884921413672,838335382860664,1020909247936310,837495229607156,1111994162154864,905179006169628,930001380347824,983021118374999,10204551686219950,10203653210631943,10203019461383501,10152594917194792,10152558997929454,10152967914796297,10152711372711576,
123908728211488,2017-07-08T21:00:00-0300,245264012627343,294385767597368,1806336889636132,1504471353152810,1621079518119975,677140149109702,718237428272530,811999192228815,748131845278720,730651170352029,925069380901591,1428118090594460,840978435972958,906488092752307,777151232351847,1421724991226235,749184731811608,793248384071742,693550037366184,1042514079132073,1234586239914291,1132354686803727,1141751139185851,1419618584729309,863623813658967,989729111046122,1313887401955827,10202178424460508,10153721324892788,10152164045358344,
455094614858118,2017-06-24T21:00:00-0300,118706248735006,191000101233362,1462983777358951,1565843246988325,1621079518119975,376776049197322,415019925355174,356874947826302,346622125502603,1185206588290336,709167092559017,553596531441238,472867572841122,688195927964489,794909500617817,709798649121116,679284342169708,656471771111229,721436481280225,765664923518411,876425792437421,881581631920826,824236430988647,655292591210134,863867610349655,749184731811608,929535487106427,1127160070676628,868992413152070,693593370690518,688369221209096,1294360320608231,1176084555768660,1067537829953243,1101320933239169,760132074022586,835055023196265,817490388281428,1394762603885407,897331353624630,1130646010285178,906470922699420,1122998514378978,1039615729382125,10203343667111891,10202576048555380,10206887180968454,10202953245542009,10203387197908043,10203813375039299,10205816774517937,10205357064663573,10203019461383501,10153023053184294,
446362812373295,2017-05-05T21:00:00-0300,1621079518119975,282733228586077,658266237651728,559599524171451,658549520940107,731294060324269,589646341142359,591538900948432,656471771111229,642314942521585,740452046040034,769564573122659,1152035031531073,749184731811608,814657655260392,1042514079132073,800811356633906,723315214381957,794032173965582,1330047393696805,893759800655287,1142579435767822,714193048604089,968129753208032,1022434964442415,993041974040432,10202477702942798,10200764503191995,10209957662600217,10203896175986298,10154160602785221,10152587443662809,
1747321792173633,2017-04-28T21:00:00-0300,382704972069116,191000101233362,282733228586077,332549096896792,656471771111229,740452046040034,647157482029400,749184731811608,1098368516881164,912001045505318,10204839953750142,10207288359189665,10202147256583410,10202337473214328,
158431801351291,2017-04-22T21:00:00-0300,1643391072564416,1621079518119975,1607788926105489,596480107194851,679181182202218,628017443977249,652581168183915,719788238118010,751195401635606,765664923518411,730651170352029,734935676585011,766829980059537,1112494598820753,749184731811608,692693140792497,823330044385899,1312082628825489,1020870534612412,821778981188046,893759800655287,1012512115441289,1142579435767822,991062287576502,1039615729382125,10200147628451642,10204209091180685,10203601709470851,10204150990241481,
405764873143143,2017-04-20T21:00:00-0300,321354684886140,1647191002260476,279686692216981,596480107194851,913550188793854,817915955021283,900259586774613,652581168183915,720593298049299,773473132731190,1077888905620849,749184731811608,987147288014533,1042514079132073,834976259878449,852884921413672,1392690190764768,869033029790050,1012512115441289,1142579435767822,993041974040432,1039615729382125,10206426547611002,10203820024363241,10153408171073917,
1855264694722472,2017-04-13T21:00:00-0300,1579367088965332,323485841144260,332549096896792,705755289544867,679181182202218,656471771111229,765664923518411,948990985174280,868913126512274,878111972255897,749184731811608,781822308505544,1039615729382125,4199342957861,4386605518858,
1860078814238803,2017-03-17T21:00:00-0300,222388268268281,299828410389863,391273634417318,351170425070865,906700559474154,644017045735324,589620481171803,652581168183915,919022284870900,730651170352029,929476377132230,777151232351847,1594737877256888,839407399453041,1042514079132073,864483933596939,1143503545688404,852884921413672,1115875175092615,10206699720521828,10203228854231602,10205953991583813,
1888808684697402,2017-02-17T21:00:00-0200,348521345501335,176297212716695,191000101233362,391273634417318,351170425070865,639495579517491,526029967500748,748131845278720,767802443301867,839407399453041,1519821288076602,774154449300719,864483933596939,895423687168227,852884921413672,1244391655595581,1560843833941815,
1848381945383710,2017-02-11T21:00:00-0200,329023014112910,265069833673747,332549096896792,526029967500748,858739794224801,750314341730067,656471771111229,960028627418695,791649180918820,1511779442234050,720695564672127,751205648268612,723315214381957,834976259878449,720119124691147,1139627389401774,789465541084431,1396456370377089,1221107047910599,827384550614679,1055590531122702,987127227967981,899927523352179,1073371809340432,10201289483157960,10200108191344472,4386605518858,10206976218435997,10203538710927199,10203842985691774,10203019461383501,10203704578110462,10153778218363265,10152587443662809,
261867710910163,2017-02-10T21:00:00-0200,191000101233362,1767028966855799,351170425070865,426530200856682,332549096896792,547164185386842,811957548898290,1228625953894523,960028627418695,730651170352029,858747454181924,762818820432337,756447287727348,852884921413672,1059454354086350,789465541084431,943826295639780,827384550614679,1115875175092615,10201672336161225,10205508115886398,10209957662600217,10203252344644495,10152592034111512,
1922961631267813,2017-01-20T21:00:00-0200,385880278429066,1531984710407436,351170425070865,667633433414801,426530200856682,742680349229518,621722807973288,707642782699901,813787635410136,750314341730067,656471771111229,925069380901591,776392095764364,687359587996468,814657655260392,934310956625208,852884921413672,930177313682665,821778981188046,789465541084431,817490388281428,875647735798994,1221107047910599,1055590531122702,10201443649968103,10204113560980523,10152618809531630,10153408171073917,
1360989810587436,2016-12-17T21:00:00-0200,314984852308290,299828410389863,1702521610061088,1659108377656854,542897682562077,596480107194851,332549096896792,497272273750133,796930053759784,750325955078806,656471771111229,1308699589219861,875725975848979,730651170352029,667576029988747,773473132731190,826039834111745,957992224229622,855182107836261,1450592434957729,934400056570241,10206699720521828,
1132297753527633,2016-11-01T21:00:00-0200,159422607756546,191000101233362,1465950427059421,1431438363833837,1770109499944808,835477039904084,628017443977249,514671888642820,793968957377318,769531279802695,625929284148458,878579965549172,1147936738604566,1365447673518620,1064492630261652,1031980713505697,947913358574429,949536175078685,10152479766406123,
264307337298455,2016-10-21T21:00:00-0200,227312741003500,110637869318989,1422324934736271,1797919583813211,1806336889636132,702009053260030,794976347277202,845812932193398,748131845278720,1073508312740296,1006228849466833,730651170352029,1176053982477367,663448610398623,803551106388081,1131299403610850,840978435972958,893483770719717,749184731811608,1042514079132073,920971627941286,986536654708739,781822308505544,933473443334930,10207764969115575,10206699720521828,10206531100016858,10204539830553157,10152594917194792,
313225309037977,2016-09-24T21:00:00-0300,1530404077240536,433518526858191,375228749325549,995153760650071,549412991868038,623428407794092,769643623162241,628017443977249,867534553354073,445688435533936,869354323151680,730651170352029,1116502085067269,643571769025186,895423687168227,939420712764906,975292225823906,789230644428737,773296986021979,941415349209990,965104293499794,10203897978354552,10209957662600217,10204133074585692,10153146266924046,
1140041989423628,2016-09-23T21:00:00-0300,171014513280870,166655410352108,110966889237510,1466830453644535,1530404077240536,1473736072844157,545019085657537,595384683936108,621242398002347,628017443977249,768129443297599,656471771111229,743330409084917,862722150470866,788491994552787,1055960417804969,713230535408772,864011530327910,858747454181924,757013687687170,953545714695881,953108954733750,833568133351737,817490388281428,761750900514330,1209271772428519,755986171089935,781822308505544,1133427336673416,973118639367722,965104293499794,10202342554765397,10202142109032943,10200155112198545,10203009789878130,10201945445189421,10206191754503948,10204154082082398,10204308415656501,10204000345833581,10204885095310579,10204334015852228,10205150219053254,10153217948434079,10153369469937047,
840435859427325,2016-08-26T21:00:00-0300,183489011987960,1797919583813211,1569018570003222,1619514814951725,1784321545134438,391273634417318,542897682562077,529597447186958,618817591583531,769643623162241,568555659937468,796258220482482,748131845278720,656471771111229,730651170352029,792875360791649,1131299403610850,777151232351847,808828349181157,987147288014533,1061610213897902,693550037366184,774154449300719,680624655320083,834493219927268,1157276884298070,975292225823906,773296986021979,1015561995126839,4114310912907,10201672336161225,10204754093516106,10203243366140828,10204017912900680,
271249759918641,2016-07-29T21:00:00-0300,204071333343647,171014513280870,121399231544059,110966889237510,1502150020054338,1522317491358926,1588421438066449,1601976450026530,1505042189711756,426577870873115,279686692216981,504466949732741,603769279795573,314733828696063,609255969236214,525983504225953,406215226192637,584682015010691,660084884136233,685051701638737,595384683936108,664554737009038,687368601392006,616375905156990,655074987947032,735390333247290,599052743545611,832150106900189,843583009085801,578764738897136,798602670237901,878716998889573,832431536844402,722505907833252,752540801494403,758184247594546,677305899011411,1175812719157896,705612159506699,878111972255897,967023656697061,894642717268387,713230535408772,787709687959574,993655120697583,806619656066445,814657655260392,858747454181924,704209596301078,680624655320083,894169270629915,1129160733791595,740600622645963,931617626872364,1061998377164510,933620813335489,817490388281428,1018136098216093,1385489958146857,1138161852879020,1084639721564063,1062582343768199,784059918284210,888166804539068,761768647178572,781822308505544,864387563581601,958971697453855,1050394344978001,1052158088134092,1011423698873089,1055590531122702,969932153021866,1002033119811588,1124643017550314,1194784277202199,10202461483818717,10202022180315368,10202185634000633,4245078342705,10200095401783750,10203399354819057,10204966762603083,10201672336161225,10208125806485961,10204826636485540,10204539830553157,10204524681650064,10154560011009201,10153059192086260,
1755861667961841,2016-05-20T21:00:00-0300,186521271745332,1521312261522544,1422324934736271,1569018570003222,1571630586405249,480219242139974,685240578297318,842910309178849,938884016223740,737460533032400,658417974259585,848269435266119,748131845278720,857830614304312,699501583469921,660904130660571,792875360791649,663448610398623,1131299403610850,752995788105999,788491994552787,808828349181157,852963464766065,1116502085067269,853066704729392,939380082749898,781822308505544,859348267417859,10202715319964678,10202289516553263,10203668414050371,
853037318158978,2016-05-07T21:00:00-0300,1473270256302493,1536153659987049,577180872426459,858637630899848,800364563389035,942769319144632,817190101698027,817360788329915,806249052773819,855066871223741,899762883414902,939380082749898,781822308505544,1006937805990789,862695117073871,10202493475337047,10201443649968103,10206088794116206,10153219647371415,
